upem=940
U+0020=275,0,0,0,0
U+0021=261,17,750,232,750
U+0022=474,15,733,431,309
U+0023=556,-12,744,568,767
U+0024=556,22,767,518,853
U+0025=858,21,748,818,781
U+0026=681,5,764,667,781
U+0027=238,0,746,223,310
U+0028=333,5,749,308,964
U+0029=333,9,739,299,946
U+002A=389,9,754,366,378
U+002B=548,14,617,532,515
U+002C=278,30,169,204,339
U+002D=333,14,371,335,217
U+002E=278,36,180,207,204
U+002F=278,-20,728,304,762
U+0030=556,21,756,519,756
U+0031=422,9,721,384,751
U+0032=556,22,776,525,788
U+0033=520,6,749,503,760
U+0034=556,-7,725,567,757
U+0035=556,33,761,505,776
U+0036=556,4,765,538,768
U+0037=536,21,709,504,743
U+0038=516,-1,741,515,750
U+0039=556,7,757,535,743
U+003A=333,53,554,215,564
U+003B=333,52,519,201,688
U+003C=584,24,630,539,532
U+003D=584,5,570,551,427
U+003E=584,9,631,538,551
U+003F=539,13,737,529,749
U+0040=975,0,751,944,969
U+0041=722,13,744,695,756
U+0042=644,-4,748,644,762
U+0043=645,-4,753,661,768
U+0044=640,-6,738,644,756
U+0045=585,2,748,595,762
U+0046=529,-8,744,557,756
U+0047=691,-11,763,697,774
U+0048=624,-4,722,626,756
U+0049=242,6,737,231,737
U+004A=479,5,730,487,720
U+004B=640,-5,725,669,756
U+004C=580,3,743,557,748
U+004D=740,-5,742,735,750
U+004E=640,9,726,619,756
U+004F=732,7,751,725,761
U+0050=590,5,737,601,756
U+0051=727,1,739,734,793
U+0052=656,7,734,660,755
U+0053=569,-30,761,607,761
U+0054=580,-11,746,587,756
U+0055=609,-15,753,624,762
U+0056=636,-6,730,678,736
U+0057=865,-27,731,945,752
U+0058=611,-32,737,638,750
U+0059=585,-46,729,640,730
U+005A=591,-14,746,616,766
U+005B=333,18,736,304,945
U+005C=278,-28,743,315,753
U+005D=333,-12,728,317,934
U+005E=559,30,750,492,453
U+005F=556,-9,-109,570,89
U+0060=333,40,771,190,205
U+0061=525,6,560,511,588
U+0062=554,0,734,555,762
U+0063=546,5,554,522,570
U+0064=575,5,728,569,731
U+0065=556,5,569,531,582
U+0066=333,-40,766,392,762
U+0067=554,-1,555,555,774
U+0068=554,4,721,538,730
U+0069=253,19,733,228,725
U+006A=278,-42,725,317,948
U+006B=505,4,731,518,737
U+006C=232,6,748,229,749
U+006D=812,1,570,801,576
U+006E=539,6,556,529,564
U+006F=586,14,576,582,596
U+0070=560,-3,545,563,755
U+0071=554,-11,555,558,743
U+0072=389,17,548,390,570
U+0073=505,3,548,499,570
U+0074=333,-8,711,338,712
U+0075=539,10,561,526,564
U+0076=525,-17,527,536,552
U+0077=758,-2,564,759,568
U+0078=499,-20,553,547,570
U+0079=510,-21,549,535,768
U+007A=500,1,556,499,576
U+007B=389,0,739,370,946
U+007C=280,86,728,109,938
U+007D=389,0,748,379,943
U+007E=584,1,479,555,251
U+00A0=244,0,0,0,0
U+00A9=737,-26,755,778,780
U+00AB=556,22,516,479,496
U+00AD=333,13,375,332,217
U+00AE=737,-21,752,763,774
U+00B6=556,-29,738,585,946
U+00BB=556,66,503,457,502
U+00D7=584,31,600,482,483
U+00DF=611,18,736,539,768
U+00F7=549,1,646,540,564
U+02DC=333,-12,750,354,179
U+0401=585,2,970,595,984
U+0410=722,13,744,695,756
U+0411=644,-4,743,644,757
U+0412=644,-4,748,644,762
U+0413=580,3,743,557,748
U+0414=609,-69,747,697,897
U+0415=585,2,748,595,762
U+0416=1110,-164,737,1128,750
U+0417=520,6,749,503,760
U+0418=640,8,726,619,756
U+0419=640,8,981,619,1011
U+041A=640,-5,725,669,756
U+041B=636,-6,730,678,736
U+041C=740,-5,742,735,750
U+041D=624,-4,722,626,756
U+041E=732,7,751,725,761
U+041F=609,-15,753,624,762
U+0420=590,5,737,601,756
U+0421=645,-4,753,661,768
U+0422=580,-11,746,587,756
U+0423=585,-46,729,640,730
U+0424=842,-66,774,870,774
U+0425=611,-32,737,638,750
U+0426=689,-15,753,686,923
U+0427=624,-4,722,626,756
U+0428=969,-15,753,984,762
U+0429=1049,-15,753,1046,923
U+042A=804,-11,746,811,760
U+042B=924,-4,742,711,756
U+042C=644,-4,742,644,756
U+042D=645,-5,753,661,768
U+042E=992,6,751,986,761
U+042F=656,7,734,660,755
U+0430=525,6,560,511,588
U+0431=560,-3,544,593,755
U+0432=566,-4,554,567,564
U+0433=510,3,550,490,554
U+0434=535,-60,553,612,664
U+0435=556,5,569,531,582
U+0436=976,-144,545,992,555
U+0437=457,5,554,443,562
U+0438=563,7,537,545,559
U+0439=563,7,726,545,748
U+043A=563,-4,537,588,560
U+043B=559,-5,540,596,544
U+043C=651,-4,549,646,555
U+043D=549,-4,534,551,559
U+043E=586,14,576,582,596
U+043F=535,-13,557,549,564
U+0440=560,-3,545,563,755
U+0441=546,5,554,522,570
U+0442=510,-10,552,517,559
U+0443=510,-21,549,535,768
U+0444=740,-58,573,766,573
U+0445=499,-20,553,547,570
U+0446=606,-13,557,603,683
U+0447=549,-4,534,551,559
U+0448=852,-13,557,866,564
U+0449=923,-13,557,920,683
U+044A=707,-10,552,714,562
U+044B=813,-4,549,626,559
U+044C=566,-4,549,567,559
U+044D=567,-4,557,581,568
U+044E=872,5,556,868,563
U+044F=577,6,543,581,559
U+0451=556,5,780,531,793
U+2013=556,-2,311,556,103
U+2014=1000,0,311,1000,103
U+2018=278,30,719,214,340
U+2019=278,36,726,204,339
U+201C=500,31,726,418,335
U+201D=500,28,750,418,334
U+2020=556,5,730,504,902
U+2021=556,7,714,532,877
U+2026=834,36,180,763,204
U+2039=333,25,512,269,489
U+203A=333,17,517,280,495
U+2116=1160,9,726,1227,756
U+2122=1000,117,746,771,458