upem=1000
U+0020=250,0,0,0,0
U+0021=225,50,633,126,522
U+0022=352,50,635,251,234
U+0027=215,50,624,114,228
U+002C=255,54,228,149,219
U+002D=341,0,345,250,91
U+002E=215,53,212,110,106
U+0030=456,52,646,352,555
U+0031=386,52,635,280,544
U+0032=453,54,647,346,540
U+0033=417,54,623,309,524
U+0034=508,54,594,398,486
U+0035=407,50,651,306,561
U+0036=440,52,645,335,536
U+0037=448,54,620,338,489
U+0038=399,50,645,296,545
U+0039=402,53,645,300,516
U+003A=224,51,511,122,383
U+003B=237,53,496,133,466
U+003F=393,52,651,286,563
U+0041=386,52,578,284,476
U+0042=453,49,626,354,545
U+0043=460,53,625,354,528
U+0044=452,50,635,350,538
U+0045=368,50,608,263,514
U+0046=346,50,634,246,509
U+0047=546,52,645,443,603
U+0048=417,50,650,317,549
U+0049=338,53,651,230,567
U+004A=441,57,651,329,673
U+004B=460,50,632,356,526
U+004C=338,50,612,234,503
U+004D=649,50,624,549,516
U+004E=505,50,627,404,528
U+004F=554,52,664,453,573
U+0050=444,50,634,342,524
U+0051=566,52,656,458,600
U+0052=446,50,628,344,534
U+0053=371,54,630,265,551
U+0054=414,55,645,306,553
U+0055=396,50,621,296,501
U+0056=432,53,624,325,509
U+0057=564,50,608,464,497
U+0058=426,52,613,321,472
U+0059=386,51,651,286,511
U+005A=409,51,635,308,524
U+0061=442,53,510,340,408
U+0062=455,50,664,354,561
U+0063=418,53,536,315,441
U+0064=463,53,659,362,551
U+0065=394,53,544,290,439
U+0066=398,54,660,288,557
U+0067=442,53,518,340,600
U+0068=433,50,689,333,569
U+0069=211,50,660,110,549
U+006A=359,58,670,250,721
U+006B=421,50,681,319,580
U+006C=215,50,661,114,573
U+006D=657,50,522,557,441
U+006E=463,50,532,364,424
U+006F=437,53,527,335,455
U+0070=446,50,523,344,532
U+0071=430,53,523,327,619
U+0072=390,50,509,286,410
U+0073=425,54,527,317,453
U+0074=405,53,602,300,520
U+0075=460,51,532,360,449
U+0076=459,53,529,354,423
U+0077=561,51,511,460,412
U+0078=420,51,510,319,431
U+0079=385,51,489,284,580
U+007A=403,54,497,298,398
U+00A0=250,0,0,0,0
U+00AB=448,0,472,334,345
U+00BB=448,0,472,334,345
U+0401=368,50,772,293,678
U+0410=386,52,578,284,476
U+0411=453,49,611,354,530
U+0412=453,49,626,354,545
U+0413=338,50,611,234,503
U+0414=432,-10,636,403,650
U+0415=368,50,608,263,514
U+0416=706,50,651,596,567
U+0417=417,54,623,309,524
U+0418=505,50,627,404,528
U+0419=505,50,852,404,753
U+041A=460,50,632,356,526
U+041B=432,53,625,325,509
U+041C=649,50,624,549,516
U+041D=417,50,650,317,549
U+041E=554,52,664,453,573
U+041F=396,50,620,296,501
U+0420=444,50,634,342,524
U+0421=460,53,625,354,528
U+0422=414,55,645,306,553
U+0423=386,51,651,286,511
U+0424=704,40,684,563,596
U+0425=426,52,613,321,472
U+0426=466,50,621,464,611
U+0427=417,50,650,317,543
U+0428=631,50,621,531,501
U+0429=701,50,621,699,611
U+042A=583,55,637,478,556
U+042B=743,49,651,614,570
U+042C=453,49,607,354,526
U+042D=460,53,625,354,528
U+042E=784,53,664,682,580
U+042F=446,50,628,344,534
U+0430=442,53,510,340,408
U+0431=470,46,809,376,737
U+0432=398,43,516,312,431
U+0433=297,44,504,206,398
U+0434=442,53,518,340,600
U+0435=394,53,544,290,439
U+0436=665,44,535,524,448
U+0437=366,48,513,271,414
U+0438=460,51,532,360,449
U+0439=460,51,692,360,609
U+043A=404,44,520,313,415
U+043B=459,53,528,354,423
U+043C=571,44,514,483,408
U+043D=366,44,535,279,434
U+043E=437,53,527,335,455
U+043F=460,51,531,360,449
U+0440=446,50,523,344,532
U+0441=418,53,536,315,441
U+0442=364,48,531,270,437
U+0443=385,51,489,284,580
U+0444=619,35,561,496,470
U+0445=420,51,510,319,431
U+0446=530,51,532,373,522
U+0447=366,44,535,279,429
U+0448=740,51,532,640,449
U+0449=810,51,532,753,522
U+044A=513,48,524,421,439
U+044B=653,43,535,540,450
U+044C=398,43,501,312,416
U+044D=404,47,515,311,417
U+044E=637,53,535,535,463
U+044F=392,44,517,303,422
U+0451=394,53,692,290,587
U+2013=613,0,345,450,91
U+2014=886,0,345,651,91
U+2026=645,53,212,540,106
U+2116=805,50,627,613,528