upem=1000
U+0017=335,0,0,0,0
U+0020=335,0,0,0,0
U+0021=266,54,735,158,735
U+0022=491,60,750,368,312
U+0023=853,59,700,735,700
U+0024=816,61,760,705,820
U+0025=1141,59,700,1023,700
U+0026=874,41,769,817,769
U+0027=271,60,750,145,312
U+0028=453,133,896,279,1116
U+0029=453,41,896,279,1116
U+002A=582,15,750,546,521
U+002B=613,42,614,529,529
U+002C=267,62,140,143,312
U+002D=382,22,398,337,108
U+002E=267,62,140,143,140
U+002F=414,0,815,404,962
U+0030=907,58,700,791,700
U+0031=338,23,700,248,700
U+0032=863,55,700,755,700
U+0033=843,50,700,735,700
U+0034=905,36,700,842,700
U+0035=863,55,700,755,700
U+0036=868,58,700,754,700
U+0037=829,23,700,771,700
U+0038=904,58,700,788,700
U+0039=868,55,700,755,700
U+003A=267,62,519,143,439
U+003B=267,62,519,143,611
U+003C=613,42,609,529,516
U+003D=613,42,518,529,335
U+003E=613,41,609,529,516
U+003F=631,29,735,569,735
U+0040=875,58,626,758,846
U+0041=975,13,700,944,700
U+0042=919,66,700,801,700
U+0043=852,58,700,753,700
U+0044=929,66,700,804,700
U+0045=850,58,700,743,700
U+0046=834,58,700,743,700
U+0047=926,58,700,809,700
U+0048=906,66,700,774,700
U+0049=286,66,700,153,700
U+004A=781,23,700,693,700
U+004B=854,66,700,773,700
U+004C=801,64,700,713,700
U+004D=1194,66,700,1062,700
U+004E=978,66,700,845,700
U+004F=985,58,700,869,700
U+0050=881,66,700,782,700
U+0051=985,58,700,869,862
U+0052=905,66,700,807,700
U+0053=857,54,700,755,700
U+0054=873,23,700,827,700
U+0055=977,64,700,848,700
U+0056=975,13,700,944,700
U+0057=1303,19,700,1262,700
U+0058=891,16,700,857,700
U+0059=896,10,700,873,700
U+005A=854,48,700,755,700
U+005B=453,138,896,274,1117
U+005C=414,-1,815,404,962
U+005D=453,41,896,274,1117
U+005E=613,45,700,517,540
U+005F=642,6,-72,631,96
U+0060=393,79,816,230,231
U+0061=789,41,549,704,549
U+0062=871,60,750,756,750
U+0063=729,39,549,658,549
U+0064=871,54,750,756,750
U+0065=789,41,549,704,549
U+0066=490,17,769,455,769
U+0067=871,54,549,756,770
U+0068=879,64,750,754,750
U+0069=270,63,752,143,752
U+006A=282,-105,752,325,973
U+006B=794,62,750,716,750
U+006C=270,64,750,142,750
U+006D=1107,60,549,986,549
U+006E=884,60,549,763,549
U+006F=868,54,549,759,549
U+0070=871,60,549,756,770
U+0071=871,54,549,756,770
U+0072=613,60,549,536,549
U+0073=783,51,549,687,549
U+0074=490,17,703,455,703
U+0075=876,60,549,755,549
U+0076=830,12,549,802,549
U+0077=1165,15,549,1131,549
U+0078=791,13,549,760,549
U+0079=808,12,549,787,770
U+007A=733,44,549,645,549
U+007B=453,53,896,359,1117
U+007C=423,163,815,96,961
U+007D=453,41,896,359,1117
U+007E=613,42,451,529,168
U+00A0=335,0,0,0,0
U+00A1=266,54,515,158,735
U+00A2=816,50,760,674,820
U+00A3=664,23,700,610,700
U+00A4=744,64,651,604,603
U+00A5=771,36,700,692,700
U+00A6=423,163,815,96,961
U+00A7=733,44,751,646,972
U+00A8=547,62,752,422,140
U+00A9=985,58,700,869,700
U+00AA=468,40,700,387,390
U+00AB=535,32,549,470,549
U+00AC=613,42,550,529,550
U+00AD=382,22,398,337,108
U+00AE=985,58,700,869,700
U+00AF=639,62,734,514,102
U+00B0=519,53,700,412,365
U+00B1=613,42,670,529,670
U+00B2=510,48,700,415,385
U+00B3=499,45,700,404,385
U+00B4=393,77,816,230,231
U+00B6=803,60,750,680,971
U+00B7=267,62,421,143,140
U+00B8=316,99,-41,150,231
U+00B9=243,30,700,156,385
U+00BA=512,48,700,417,390
U+00BB=535,30,549,473,549
U+00BC=940,70,700,811,700
U+00BD=1000,70,700,872,700
U+00BE=1147,59,700,1029,700
U+00BF=631,31,515,569,735
U+00C0=975,13,916,946,916
U+00C1=975,13,916,946,916
U+00C2=975,13,916,946,916
U+00C3=975,13,916,946,916
U+00C4=975,13,885,946,885
U+00C5=975,13,916,946,916
U+00C6=1350,13,700,1285,700
U+00C7=852,58,700,753,972
U+00C8=850,58,916,743,916
U+00C9=850,58,916,743,916
U+00CA=850,58,916,743,916
U+00CB=850,58,885,743,885
U+00CC=289,-3,916,230,916
U+00CD=289,55,916,233,916
U+00CE=372,-15,916,395,916
U+00CF=381,2,885,377,885
U+00D0=983,13,700,912,700
U+00D1=978,66,916,845,916
U+00D2=985,58,916,869,916
U+00D3=985,58,916,869,916
U+00D4=985,58,916,869,916
U+00D5=985,58,916,869,916
U+00D6=985,58,885,869,885
U+00D7=613,49,600,501,500
U+00D8=985,58,800,869,900
U+00D9=977,64,916,848,916
U+00DA=977,64,916,848,916
U+00DB=977,64,916,848,916
U+00DC=977,64,885,848,885
U+00DD=896,10,916,875,916
U+00DE=888,66,700,782,700
U+00DF=916,63,769,798,769
U+00E0=789,41,816,704,816
U+00E1=789,41,816,704,816
U+00E2=789,41,816,704,816
U+00E3=789,41,788,704,788
U+00E4=789,41,752,704,752
U+00E5=789,41,816,704,816
U+00E6=1354,41,549,1270,549
U+00E7=729,39,549,658,821
U+00E8=789,41,816,704,816
U+00E9=789,41,816,704,816
U+00EA=789,41,816,704,816
U+00EB=789,41,752,704,752
U+00EC=280,-3,816,230,816
U+00ED=281,47,816,233,816
U+00EE=365,-18,816,395,816
U+00EF=384,3,752,376,752
U+00F0=871,54,864,756,864
U+00F1=884,60,788,763,788
U+00F2=868,54,816,759,816
U+00F3=868,54,816,759,816
U+00F4=868,54,816,759,816
U+00F5=868,54,788,759,788
U+00F6=868,54,752,759,752
U+00F7=613,42,647,529,594
U+00F8=868,54,643,759,737
U+00F9=876,60,816,755,816
U+00FA=876,60,816,755,816
U+00FB=876,60,816,755,816
U+00FC=876,60,752,755,752
U+00FD=830,12,816,789,1037
U+00FE=871,60,750,756,971
U+00FF=830,12,752,789,973
U+0100=975,13,870,946,870
U+0101=789,41,734,704,734
U+0102=975,13,909,946,909
U+0103=789,41,798,704,798
U+0104=975,13,700,943,972
U+0105=789,41,549,704,821
U+0106=852,58,916,753,916
U+0107=729,39,816,658,816
U+010A=852,58,885,753,885
U+010B=729,39,752,658,752
U+010C=852,58,916,753,916
U+010D=729,39,816,658,816
U+010E=929,66,916,804,916
U+010F=982,54,750,952,750
U+0110=983,13,700,912,700
U+0111=871,54,750,811,750
U+0112=850,58,870,743,870
U+0113=789,41,734,704,734
U+0114=850,58,909,743,909
U+0115=789,41,798,704,798
U+0116=850,58,885,743,885
U+0117=789,41,752,704,752
U+0118=850,58,700,743,972
U+0119=789,41,549,704,821
U+011A=850,58,916,743,916
U+011B=789,41,816,704,816
U+011E=926,58,909,809,909
U+011F=871,54,798,756,1019
U+0120=926,58,885,809,885
U+0121=871,54,752,756,973
U+0122=926,58,700,809,972
U+0123=871,54,816,756,1037
U+0126=906,5,700,895,700
U+0127=879,5,750,813,750
U+0128=485,-14,916,514,916
U+0129=514,-1,788,514,788
U+012A=458,-28,870,514,870
U+012B=496,-9,734,514,734
U+012C=437,-20,909,479,909
U+012D=469,-6,798,480,798
U+012E=336,-36,700,305,972
U+012F=324,-43,752,304,1024
U+0130=286,66,885,153,885
U+0131=270,64,549,142,549
U+0132=1067,66,700,936,700
U+0133=552,63,752,427,973
U+0136=854,66,700,773,972
U+0137=794,62,750,716,1022
U+0139=801,64,916,713,916
U+013A=283,64,916,249,916
U+013B=801,64,700,713,972
U+013C=270,45,750,161,1022
U+013D=801,64,746,713,746
U+013E=375,64,750,335,750
U+0141=822,6,700,792,700
U+0142=428,4,750,419,750
U+0143=978,66,916,845,916
U+0144=884,60,816,763,816
U+0145=978,66,700,845,972
U+0146=884,60,549,763,821
U+0147=978,66,916,845,916
U+0148=884,60,816,763,816
U+014A=977,64,700,848,921
U+014B=884,60,549,763,770
U+014C=985,58,870,869,870
U+014D=868,54,734,759,734
U+014E=985,58,909,869,909
U+014F=868,54,798,759,798
U+0150=985,58,916,869,916
U+0151=868,54,816,759,816
U+0152=1571,58,700,1464,700
U+0153=1423,54,549,1325,549
U+0154=905,66,916,807,916
U+0155=613,60,816,536,816
U+0156=905,66,700,807,972
U+0157=613,46,549,550,821
U+0158=905,66,916,807,916
U+0159=613,60,816,536,816
U+015A=857,54,916,755,916
U+015B=783,51,816,687,816
U+015E=857,54,700,755,972
U+015F=783,51,549,687,821
U+0160=857,54,916,755,916
U+0161=783,51,816,687,816
U+0162=873,23,700,827,972
U+0163=505,17,703,455,975
U+0164=873,23,916,827,916
U+0165=619,17,746,626,746
U+0166=873,23,700,827,700
U+0167=537,12,703,514,703
U+0168=977,64,916,848,916
U+0169=876,60,788,755,788
U+016A=977,64,870,848,870
U+016B=876,60,734,755,734
U+016E=977,64,916,848,916
U+016F=876,60,816,755,816
U+0170=977,64,916,848,916
U+0171=876,60,816,755,816
U+0172=977,64,700,848,972
U+0173=876,60,549,755,821
U+0174=1303,19,916,1263,916
U+0175=1165,15,816,1133,816
U+0176=896,10,916,875,916
U+0177=830,12,816,789,1037
U+0178=896,10,885,875,885
U+0179=854,48,916,755,916
U+017A=733,44,816,645,816
U+017B=854,48,885,755,885
U+017C=733,44,752,645,752
U+017D=854,48,916,755,916
U+017E=733,44,816,645,816
U+0180=871,5,750,811,750
U+0181=1178,18,700,1108,700
U+0187=995,58,777,937,777
U+0188=893,39,667,854,667
U+018A=1188,18,700,1111,700
U+018E=850,48,700,743,700
U+018F=957,54,700,844,700
U+0192=664,39,700,587,921
U+0194=975,14,700,944,972
U+0198=973,66,769,907,769
U+0199=794,62,769,716,769
U+019D=977,-118,700,1030,921
U+01A0=1026,58,801,1002,801
U+01A1=937,54,650,916,650
U+01AF=1105,64,801,1074,801
U+01B0=984,60,650,958,650
U+01B3=1055,10,777,1043,777
U+01B4=1041,12,727,1026,948
U+01C4=1783,66,916,1666,916
U+01C5=1662,66,816,1552,816
U+01C6=1604,54,816,1506,816
U+01DD=789,44,549,704,549
U+01E6=926,58,916,809,916
U+01E7=871,54,816,756,1037
U+01F0=383,-65,816,448,1037
U+01F1=1783,66,700,1666,700
U+01F2=1662,66,700,1552,700
U+01F3=1604,54,750,1506,750
U+01F4=926,58,916,809,916
U+01F5=871,54,816,756,1037
U+01F8=978,66,916,845,916
U+01F9=884,60,816,763,816
U+0218=857,54,700,755,972
U+0219=783,51,549,687,821
U+021A=873,23,700,827,972
U+021B=505,17,703,455,975
U+0237=282,-105,549,325,770
U+0241=551,17,700,503,700
U+0242=551,17,549,503,549
U+024C=952,3,700,917,700
U+024D=668,17,549,634,549
U+0253=871,60,769,756,769
U+0257=1024,54,769,952,769
U+0263=830,13,549,800,821
U+0272=951,-55,549,945,770
U+02C6=481,40,816,395,231
U+02C7=481,40,816,395,231
U+02D8=605,62,798,480,186
U+02D9=267,62,752,143,140
U+02DA=443,62,816,319,257
U+02DB=417,62,0,292,272
U+02DC=639,62,788,514,186
U+02DD=622,85,816,458,231
U+0300=0,-588,816,233,231
U+0301=0,-529,816,233,231
U+0302=0,-641,816,398,231
U+0303=0,-698,788,514,186
U+0304=0,-698,734,514,102
U+0306=0,-681,798,480,186
U+0307=0,-512,752,143,140
U+0308=0,-652,752,422,140
U+0309=0,-592,816,315,235
U+030A=0,-599,816,318,257
U+030B=0,-643,816,461,231
U+030C=0,-641,816,398,231
U+0313=0,-516,816,150,231
U+031B=78,-183,650,280,294
U+0323=0,-512,-72,142,131
U+0326=0,-517,-41,155,231
U+0328=0,-593,0,292,272
U+032D=0,-642,-57,398,185
U+0384=349,60,816,223,231
U+0385=677,62,816,556,231
U+0386=1067,65,816,986,816
U+0387=267,62,498,143,140
U+0388=1047,60,816,938,816
U+0389=1174,60,816,1048,816
U+038A=608,60,816,428,816
U+038C=1182,60,816,1064,816
U+038E=1204,60,816,1133,816
U+038F=1192,60,816,1074,816
U+0390=594,6,816,556,816
U+0391=975,13,700,946,700
U+0392=919,66,700,801,700
U+0393=801,64,700,713,700
U+0394=975,13,700,944,700
U+0395=850,58,700,743,700
U+0396=854,48,700,755,700
U+0397=906,66,700,774,700
U+0398=985,58,700,869,700
U+0399=286,66,700,153,700
U+039A=854,66,700,773,700
U+039B=975,14,700,944,700
U+039C=1194,66,700,1062,700
U+039D=978,66,700,845,700
U+039E=850,50,700,751,700
U+039F=985,58,700,869,700
U+03A0=906,65,700,775,700
U+03A1=881,66,700,782,700
U+03A3=841,52,700,748,700
U+03A4=873,23,700,827,700
U+03A5=896,10,700,875,700
U+03A6=985,58,700,869,700
U+03A7=891,16,700,858,700
U+03A8=970,60,700,848,700
U+03A9=985,58,700,869,700
U+03AA=381,2,885,377,885
U+03AB=896,10,885,875,885
U+03AC=915,54,816,862,816
U+03AD=724,39,816,653,816
U+03AE=964,22,816,851,1037
U+03AF=408,60,816,331,816
U+03B0=914,23,816,830,816
U+03B1=938,54,549,862,549
U+03B2=818,63,750,700,971
U+03B3=855,22,549,821,770
U+03B4=868,54,750,759,750
U+03B5=724,39,549,653,549
U+03B6=752,62,750,646,971
U+03B7=933,22,549,851,770
U+03B8=880,60,751,759,751
U+03B9=408,60,549,331,549
U+03BA=746,62,549,668,549
U+03BB=798,12,750,770,751
U+03BC=937,62,549,857,770
U+03BD=830,22,549,795,549
U+03BE=729,62,750,646,971
U+03BF=868,54,549,759,549
U+03C0=954,17,549,898,549
U+03C1=871,60,549,756,770
U+03C2=729,39,549,651,770
U+03C3=958,54,549,881,549
U+03C4=815,23,549,769,549
U+03C5=914,23,549,830,549
U+03C6=985,54,750,877,971
U+03C7=766,23,549,729,770
U+03C8=1030,23,750,968,971
U+03C9=1182,60,549,1062,549
U+03CA=462,8,752,437,752
U+03CB=914,23,752,830,752
U+03CC=868,54,816,759,816
U+03CD=914,23,816,830,816
U+03CE=1182,60,816,1062,816
U+0400=858,66,916,742,916
U+0401=858,66,885,742,885
U+0402=1107,23,700,1020,921
U+0403=801,64,916,713,916
U+0404=850,58,700,743,700
U+0405=857,54,700,755,700
U+0406=286,66,700,153,700
U+0407=381,2,885,377,885
U+0408=781,23,700,693,700
U+0409=1478,23,700,1422,700
U+040A=1500,65,700,1402,700
U+040B=1107,23,700,1020,700
U+040C=797,66,916,716,916
U+040D=906,66,916,774,916
U+040E=824,9,909,804,909
U+040F=906,65,700,775,887
U+0410=975,13,700,946,700
U+0411=881,65,700,772,700
U+0412=919,66,700,801,700
U+0413=801,64,700,713,700
U+0414=1064,23,700,1017,887
U+0415=858,66,700,742,700
U+0416=1306,12,700,1278,700
U+0417=837,50,700,735,700
U+0418=906,66,700,774,700
U+0419=906,66,909,774,909
U+041A=797,66,700,716,700
U+041B=883,23,700,793,700
U+041C=1194,66,700,1062,700
U+041D=906,66,700,774,700
U+041E=985,58,700,869,700
U+041F=906,65,700,775,700
U+0420=881,66,700,782,700
U+0421=852,58,700,753,700
U+0422=873,23,700,827,700
U+0423=824,9,700,803,700
U+0424=985,58,700,869,700
U+0425=891,16,700,858,700
U+0426=1030,65,700,941,887
U+0427=909,63,700,780,700
U+0428=1141,65,700,1010,700
U+0429=1265,65,700,1176,887
U+042A=1066,23,700,1010,700
U+042B=1167,66,700,1034,700
U+042C=881,66,700,782,700
U+042D=850,49,700,743,700
U+042E=1239,66,700,1114,700
U+042F=905,30,700,807,700
U+0430=789,41,549,704,549
U+0431=871,60,849,756,849
U+0432=829,62,549,719,549
U+0433=613,60,549,536,549
U+0434=951,23,549,904,736
U+0435=789,41,549,704,549
U+0436=1216,9,549,1193,549
U+0437=724,32,549,653,549
U+0438=866,63,549,741,549
U+0439=866,63,798,741,798
U+043A=746,62,549,668,549
U+043B=817,23,549,731,549
U+043C=1088,62,549,964,549
U+043D=866,62,549,742,549
U+043E=868,54,549,759,549
U+043F=866,62,549,742,549
U+0440=871,60,549,756,770
U+0441=729,39,549,658,549
U+0442=815,23,549,769,549
U+0443=808,12,549,789,770
U+0444=985,54,750,877,971
U+0445=791,13,549,762,549
U+0446=982,62,549,896,736
U+0447=847,52,549,733,549
U+0448=1159,62,549,1034,549
U+0449=1275,62,549,1189,736
U+044A=979,23,549,909,549
U+044B=1066,62,549,941,549
U+044C=826,62,549,717,549
U+044D=729,32,549,658,549
U+044E=1104,64,549,985,549
U+044F=825,24,549,736,549
U+0450=789,41,816,704,816
U+0451=789,41,752,704,752
U+0452=879,5,750,813,971
U+0453=613,60,816,536,816
U+0454=729,39,549,658,549
U+0455=783,51,549,687,549
U+0456=270,63,752,143,752
U+0457=384,3,752,376,752
U+0458=282,-105,752,325,973
U+0459=1375,23,549,1305,549
U+045A=1425,62,549,1316,549
U+045B=879,5,750,813,750
U+045C=763,62,549,668,549
U+045D=866,63,816,741,816
U+045E=808,12,798,789,1019
U+045F=866,62,549,742,736
U+0490=805,64,886,717,886
U+0491=616,60,734,539,734
U+0492=825,15,700,786,700
U+0493=644,17,549,609,549
U+0496=1408,12,700,1371,887
U+0497=1311,9,549,1276,736
U+049A=920,66,700,796,887
U+049B=836,62,549,751,736
U+04A2=1030,66,700,940,887
U+04A3=982,62,549,896,736
U+04AE=896,10,700,875,700
U+04AF=830,10,549,804,770
U+04B0=896,10,700,873,700
U+04B1=830,10,549,804,770
U+04B2=956,16,700,915,887
U+04B3=858,13,549,819,736
U+04B6=1036,66,700,946,887
U+04B7=963,52,549,887,736
U+04BA=909,66,700,780,700
U+04BB=847,62,549,733,549
U+04C0=286,66,700,153,700
U+04C3=822,66,700,717,921
U+04C4=782,62,549,674,770
U+04C7=906,66,700,774,921
U+04C8=866,62,549,742,770
U+04CF=270,64,750,142,750
U+04D8=957,54,700,844,700
U+04D9=789,44,549,704,549
U+04E8=985,58,700,869,700
U+04E9=868,54,549,759,549
U+04EE=824,9,870,804,870
U+04EF=808,12,734,789,955
U+0512=883,23,700,793,921
U+0513=817,23,549,731,770
U+058F=646,30,700,589,700
U+1E0C=929,66,700,804,903
U+1E0D=871,54,750,756,953
U+1E12=929,66,700,804,942
U+1E13=871,54,750,756,992
U+1E24=906,66,700,774,903
U+1E25=879,64,750,754,953
U+1E3C=801,64,700,713,942
U+1E3D=270,-68,750,395,992
U+1E44=978,66,885,845,885
U+1E45=884,60,752,763,752
U+1E4A=978,66,700,845,942
U+1E4B=884,60,549,763,791
U+1E5A=905,66,700,807,903
U+1E5B=613,60,549,536,752
U+1E62=857,54,700,755,903
U+1E63=783,51,549,687,752
U+1E6C=873,23,700,827,903
U+1E6D=505,17,703,455,906
U+1E80=1303,19,916,1263,916
U+1E81=1165,15,816,1133,816
U+1E82=1303,19,916,1263,916
U+1E83=1165,15,816,1133,816
U+1E84=1303,19,885,1263,885
U+1E85=1165,15,752,1133,752
U+1E92=854,48,700,755,903
U+1E93=733,44,549,645,752
U+1EA0=975,13,700,946,903
U+1EA1=789,41,549,704,752
U+1EA2=975,13,967,946,967
U+1EA3=789,41,816,704,816
U+1EA4=975,13,1016,946,1016
U+1EA5=789,41,901,718,901
U+1EA6=975,13,1016,946,1016
U+1EA7=789,41,901,704,901
U+1EA8=975,13,1037,946,1037
U+1EA9=789,41,952,714,952
U+1EAA=975,13,1096,946,1096
U+1EAB=789,41,951,704,951
U+1EAC=975,13,916,946,1119
U+1EAD=789,41,816,704,1019
U+1EAE=975,13,1046,946,1046
U+1EAF=789,41,901,704,901
U+1EB0=975,13,1046,946,1046
U+1EB1=789,41,901,704,901
U+1EB2=975,13,1087,946,1087
U+1EB3=789,41,946,704,946
U+1EB4=975,13,1096,946,1096
U+1EB5=789,41,936,704,936
U+1EB6=975,13,909,946,1112
U+1EB7=789,41,798,704,1001
U+1EB8=850,58,700,743,903
U+1EB9=789,41,549,704,752
U+1EBA=850,58,967,743,967
U+1EBB=789,41,816,704,816
U+1EBC=850,58,916,743,916
U+1EBD=789,41,788,704,788
U+1EBE=850,58,1016,780,1016
U+1EBF=789,41,901,708,901
U+1EC0=850,58,1016,743,1016
U+1EC1=789,41,901,704,901
U+1EC2=850,58,1037,801,1037
U+1EC3=789,41,952,704,952
U+1EC4=850,58,1116,743,1116
U+1EC5=789,41,951,704,951
U+1EC6=850,58,916,743,1119
U+1EC7=789,41,816,704,1019
U+1EC8=312,3,967,315,967
U+1EC9=314,0,816,315,816
U+1ECA=286,66,700,153,903
U+1ECB=270,64,752,142,955
U+1ECC=985,58,700,869,903
U+1ECD=868,54,549,759,752
U+1ECE=985,58,967,869,967
U+1ECF=868,54,816,759,816
U+1ED0=985,58,1016,869,1016
U+1ED1=868,54,901,759,901
U+1ED2=985,58,1016,869,1016
U+1ED3=868,54,901,759,901
U+1ED4=985,58,1037,869,1037
U+1ED5=868,54,952,759,952
U+1ED6=985,58,1096,869,1096
U+1ED7=868,54,951,759,951
U+1ED8=985,58,916,869,1119
U+1ED9=868,54,816,759,1019
U+1EDA=1026,58,916,1002,916
U+1EDB=937,54,816,916,816
U+1EDC=1026,58,916,1002,916
U+1EDD=937,54,816,916,816
U+1EDE=1026,58,967,1002,967
U+1EDF=937,54,816,916,816
U+1EE0=1026,58,916,1002,916
U+1EE1=937,54,788,916,788
U+1EE2=1026,58,801,1002,1004
U+1EE3=937,54,650,916,853
U+1EE4=977,64,700,848,903
U+1EE5=876,60,549,755,752
U+1EE6=977,64,967,848,967
U+1EE7=876,60,816,755,816
U+1EE8=1105,64,916,1074,916
U+1EE9=984,60,816,958,816
U+1EEA=1105,64,916,1074,916
U+1EEB=984,60,816,958,816
U+1EEC=1105,64,967,1074,967
U+1EED=984,60,816,958,816
U+1EEE=1105,64,916,1074,916
U+1EEF=984,60,788,958,788
U+1EF0=1105,64,801,1074,1004
U+1EF1=984,60,650,958,853
U+1EF2=896,10,916,875,916
U+1EF3=830,12,816,789,1037
U+1EF6=896,10,967,875,967
U+1EF7=830,12,816,789,1037
U+2013=616,22,398,572,108
U+2014=920,22,398,875,108
U+2018=267,62,750,143,312
U+2019=267,62,750,143,312
U+201A=267,62,140,143,312
U+201C=481,62,750,357,312
U+201D=481,62,750,357,312
U+201E=481,62,140,357,312
U+2020=527,34,750,458,750
U+2021=527,34,750,458,750
U+2022=442,73,475,296,260
U+2026=816,62,140,692,140
U+2030=1536,59,750,1418,800
U+2039=296,32,549,231,549
U+203A=296,30,549,231,549
U+2044=196,-224,700,642,700
U+2070=533,50,700,434,385
U+2074=532,37,700,463,385
U+2075=510,48,700,415,385
U+2076=512,50,700,414,385
U+2077=490,30,700,424,385
U+2078=532,49,700,433,385
U+2079=512,49,700,414,385
U+2080=533,50,385,434,385
U+2081=243,30,385,156,385
U+2082=510,48,385,415,385
U+2083=499,45,385,404,385
U+2084=532,37,385,463,385
U+2085=510,48,385,415,385
U+2086=512,50,385,414,385
U+2087=490,30,385,424,385
U+2088=532,49,385,433,385
U+2089=512,49,385,414,385
U+20A9=1090,14,700,1061,700
U+20AA=940,56,605,826,605
U+20AB=684,54,700,598,700
U+20AC=819,28,700,748,700
U+20AD=811,5,700,791,700
U+20B1=854,18,700,814,700
U+20B2=926,58,800,809,900
U+20B4=792,26,700,739,700
U+20B8=763,26,700,710,700
U+20B9=881,44,700,792,700
U+20BA=905,33,700,830,700
U+20BC=970,61,700,848,700
U+20BD=907,57,700,791,700
U+20BE=828,58,803,738,803
U+2116=1435,66,700,1321,700
U+2117=985,58,700,869,700
U+2122=1308,40,700,1199,420
U+2153=986,70,700,858,700
U+2154=1202,59,700,1084,700
U+2155=1000,70,700,872,700
U+2156=1216,59,700,1098,700
U+2157=1208,59,700,1090,700
U+2158=1249,58,700,1132,700
U+2159=1001,70,700,873,700
U+215A=1217,59,700,1099,700
U+215B=1020,70,700,891,700
U+215C=1227,59,700,1109,700
U+215D=1235,59,700,1117,700
U+215E=1135,58,700,1018,700
U+2202=613,42,700,529,700
U+220F=906,65,700,775,700
U+2211=841,52,700,748,700
U+2212=613,42,398,529,96
U+221A=613,23,700,567,700
U+221E=933,42,596,848,494
U+222B=453,30,896,392,1116
U+2248=613,42,571,529,408
U+2260=613,-17,700,642,700
U+2264=613,42,668,529,668
U+2265=613,41,668,530,668
U+25A0=818,66,700,686,700
U+25BA=499,67,718,399,737
U+25C4=499,33,718,399,737
U+25C6=929,26,797,875,894
U+25CA=613,109,700,394,700
U+25CF=808,48,714,711,727