upem=1000
U+0000=250,0,0,0,0
U+000D=250,0,0,0,0
U+0020=250,0,0,0,0
U+0021=248,44,758,161,958
U+0022=338,40,800,257,211
U+0027=217,40,795,136,222
U+002C=228,41,-21,147,169
U+002D=441,0,256,323,118
U+002E=197,41,-40,116,127
U+0030=597,0,711,452,808
U+0031=527,0,711,382,808
U+0032=592,0,711,448,808
U+0033=543,0,711,398,808
U+0034=599,0,711,454,808
U+0035=598,0,711,453,808
U+0036=551,0,711,406,808
U+0037=580,0,711,435,808
U+0038=591,0,711,447,808
U+0039=552,0,711,407,808
U+003A=203,40,531,121,473
U+003B=227,42,527,144,505
U+003F=694,44,747,606,947
U+0041=749,47,743,657,907
U+0042=699,42,769,613,923
U+0043=828,46,716,738,832
U+0044=842,42,738,756,861
U+0045=662,42,759,573,882
U+0046=635,43,743,547,871
U+0047=715,45,718,621,840
U+0048=773,40,748,692,886
U+0049=213,42,737,129,846
U+004A=528,46,721,438,829
U+004B=681,41,716,598,841
U+004C=692,40,732,608,854
U+004D=893,40,722,813,840
U+004E=811,41,728,729,835
U+004F=769,42,705,686,825
U+0050=788,42,712,703,834
U+0051=804,41,716,716,872
U+0052=707,42,712,622,844
U+0053=787,46,711,697,820
U+0054=839,45,711,750,808
U+0055=684,45,721,596,841
U+0056=780,45,720,689,822
U+0057=974,45,764,882,885
U+0058=796,46,753,706,892
U+0059=894,45,747,803,900
U+005A=826,44,722,739,830
U+0061=682,45,488,596,585
U+0062=687,40,794,603,884
U+0063=673,47,497,582,594
U+0064=685,46,689,600,795
U+0065=799,47,493,707,605
U+0066=640,42,733,552,850
U+0067=619,43,545,531,654
U+0068=649,40,753,566,891
U+0069=278,44,690,189,812
U+006A=608,44,732,519,932
U+006B=683,41,701,598,813
U+006C=232,43,737,148,860
U+006D=725,42,501,641,609
U+006E=612,42,490,528,587
U+006F=718,47,491,628,588
U+0070=619,42,482,533,682
U+0071=667,47,567,578,767
U+0072=641,42,546,553,648
U+0073=696,45,484,608,586
U+0074=624,46,732,534,833
U+0075=606,45,510,519,648
U+0076=723,44,530,634,627
U+0077=797,44,526,709,638
U+0078=730,44,506,641,644
U+0079=654,45,494,567,694
U+007A=707,46,495,618,592
U+00A0=250,0,0,0,0
U+00AB=579,0,420,432,446
U+00BB=579,0,420,432,446
U+0401=662,42,909,573,1032
U+0410=749,47,743,657,907
U+0411=699,40,769,615,923
U+0412=699,42,769,613,923
U+0413=692,40,732,608,854
U+0414=780,-36,738,760,1028
U+0415=662,42,759,573,882
U+0416=1030,41,737,928,862
U+0417=699,178,702,477,764
U+0418=811,40,728,729,835
U+0419=811,40,1089,729,1196
U+041A=681,41,716,598,841
U+041B=780,45,722,689,822
U+041C=893,40,722,813,840
U+041D=773,40,748,692,886
U+041E=769,42,705,686,825
U+041F=684,45,720,596,841
U+0420=788,42,712,703,834
U+0421=828,46,716,738,832
U+0422=839,45,711,750,808
U+0423=894,45,747,803,900
U+0424=769,76,737,618,846
U+0425=796,46,753,706,892
U+0426=744,45,721,656,961
U+0427=773,40,748,692,886
U+0428=1134,45,721,1046,841
U+0429=1184,45,721,1096,961
U+042A=849,45,769,760,923
U+042B=929,42,769,769,923
U+042C=699,42,769,613,923
U+042D=828,46,716,738,832
U+042E=1039,42,737,956,857
U+042F=707,42,712,622,844
U+0430=682,45,488,596,585
U+0431=718,47,730,628,827
U+0432=573,34,523,503,628
U+0433=588,34,512,517,597
U+0434=619,43,545,531,654
U+0435=799,47,493,707,605
U+0436=844,34,501,761,586
U+0437=573,146,477,391,519
U+0438=606,45,510,519,648
U+0439=606,45,812,519,950
U+043A=558,34,487,490,572
U+043B=723,44,529,634,627
U+043C=732,33,491,666,571
U+043D=633,33,509,567,603
U+043E=718,47,491,628,588
U+043F=606,45,512,519,648
U+0440=619,42,482,533,682
U+0441=673,47,497,582,594
U+0442=687,37,483,615,549
U+0443=654,45,494,567,694
U+0444=718,47,627,628,860
U+0445=730,44,506,641,644
U+0446=666,45,510,646,720
U+0447=633,33,509,567,603
U+0448=986,45,510,899,648
U+0449=1036,45,510,1016,720
U+044A=696,37,523,623,628
U+044B=761,34,523,631,628
U+044C=573,34,523,503,628
U+044D=678,38,487,605,566
U+044E=968,43,737,882,860
U+044F=579,34,484,510,574
U+0451=799,47,659,707,771
U+2013=793,0,256,582,118
U+2014=1146,0,256,841,118
U+2018=217,40,795,136,222
U+2019=217,40,795,136,222
U+201A=217,40,795,136,222
U+201C=338,40,800,257,211
U+201D=338,40,800,257,211
U+201E=338,40,800,257,211
U+2026=591,41,-40,510,127
U+2116=1300,41,728,1130,836