upem=1000
U+0017=276,0,0,0,0
U+0020=276,0,0,0,0
U+0021=260,66,677,271,677
U+0022=397,141,718,352,309
U+0023=538,72,677,535,677
U+0024=533,74,677,533,677
U+0025=780,130,687,663,697
U+0026=667,70,677,656,677
U+0027=212,141,718,167,309
U+0028=379,109,819,409,964
U+0029=380,3,819,408,964
U+002A=539,116,717,495,472
U+002B=632,120,610,540,522
U+002C=259,10,151,224,249
U+002D=385,95,386,340,84
U+002E=239,56,151,160,151
U+002F=413,25,718,508,747
U+0030=650,70,677,652,677
U+0031=311,114,677,286,677
U+0032=649,56,677,662,677
U+0033=632,58,677,641,677
U+0034=621,59,677,584,677
U+0035=650,75,677,645,677
U+0036=642,70,677,643,677
U+0037=550,80,677,576,677
U+0038=644,70,677,641,677
U+0039=648,73,677,644,677
U+003A=252,62,507,235,507
U+003B=263,7,507,299,605
U+003C=632,118,587,583,511
U+003D=632,94,512,591,325
U+003E=632,71,587,583,511
U+003F=627,142,677,570,677
U+0040=618,29,599,649,770
U+0041=636,16,677,603,677
U+0042=664,56,677,672,677
U+0043=586,70,677,619,677
U+0044=676,56,677,682,677
U+0045=609,51,677,645,677
U+0046=593,55,677,644,677
U+0047=645,70,677,657,677
U+0048=681,55,677,712,677
U+0049=270,58,677,295,677
U+004A=545,28,677,604,677
U+004B=706,55,677,730,677
U+004C=539,54,677,483,677
U+004D=810,53,677,845,677
U+004E=703,54,677,735,677
U+004F=668,70,677,671,677
U+0050=635,56,677,662,677
U+0051=673,78,677,663,773
U+0052=663,55,677,671,677
U+0053=646,52,677,680,677
U+0054=533,140,677,509,677
U+0055=675,73,677,691,677
U+0056=636,159,677,603,677
U+0057=998,159,677,965,677
U+0058=662,11,677,776,677
U+0059=617,156,677,590,677
U+005A=602,49,677,647,677
U+005B=310,44,819,405,964
U+005C=413,184,718,190,747
U+005D=310,4,819,405,964
U+005E=491,103,677,403,393
U+005F=614,-26,-77,616,83
U+0060=372,219,773,218,204
U+0061=630,66,506,604,506
U+0062=626,52,718,615,718
U+0063=542,65,506,543,506
U+0064=628,65,718,661,718
U+0065=618,60,506,600,506
U+0066=347,53,718,421,718
U+0067=613,16,506,659,718
U+0068=651,54,718,634,718
U+0069=253,56,718,293,718
U+006A=267,-119,718,478,930
U+006B=646,53,718,638,718
U+006C=248,54,718,292,718
U+006D=936,51,506,923,506
U+006E=649,51,506,634,506
U+006F=633,65,506,610,506
U+0070=624,6,506,661,718
U+0071=626,66,506,615,718
U+0072=451,51,506,477,506
U+0073=621,52,506,618,506
U+0074=342,67,647,353,647
U+0075=640,67,506,628,506
U+0076=603,121,506,575,506
U+0077=901,121,506,873,506
U+0078=612,9,506,695,506
U+0079=610,15,506,658,718
U+007A=571,47,506,583,506
U+007B=364,111,819,391,964
U+007C=245,46,819,295,964
U+007D=366,4,819,389,964
U+007E=630,116,423,545,146
U+00A0=276,0,0,0,0
U+00A1=260,66,677,271,677
U+00A2=492,86,677,488,677
U+00A3=631,101,677,555,677
U+00A4=560,80,574,542,465
U+00A5=576,36,677,666,677
U+00A6=253,44,819,306,964
U+00A7=597,10,677,670,933
U+00A8=525,176,718,445,152
U+00A9=684,66,677,692,677
U+00AA=406,128,578,337,278
U+00AB=534,84,545,532,461
U+00AC=632,113,421,557,346
U+00AE=684,66,677,692,677
U+00AF=571,189,723,480,89
U+00B0=377,159,718,306,257
U+00B1=632,43,610,617,660
U+00B2=355,114,687,336,338
U+00B3=346,114,687,326,338
U+00B4=372,175,773,306,204
U+00B5=585,8,506,629,718
U+00B6=725,113,677,725,848
U+00B7=239,107,395,160,151
U+00B8=252,-11,-60,195,196
U+00B9=191,136,687,160,338
U+00BA=409,127,578,340,278
U+00BB=534,47,545,532,461
U+00BC=659,51,687,631,697
U+00BD=692,51,687,654,697
U+00BE=722,129,687,636,697
U+00BF=627,63,677,570,677
U+00C0=636,16,944,603,944
U+00C1=636,16,944,663,944
U+00C2=636,16,944,689,944
U+00C3=636,16,920,706,920
U+00C4=636,16,889,696,889
U+00C5=636,16,944,610,944
U+00C6=985,16,677,1056,677
U+00C7=586,70,677,619,933
U+00C8=609,51,944,645,944
U+00C9=609,51,944,645,944
U+00CA=609,51,944,645,944
U+00CB=609,51,889,648,889
U+00CC=270,58,944,336,944
U+00CD=270,58,944,438,944
U+00CE=270,58,944,466,944
U+00CF=270,58,889,474,889
U+00D0=675,54,677,683,677
U+00D1=703,54,920,735,920
U+00D2=668,70,944,671,944
U+00D3=668,70,944,671,944
U+00D4=668,70,944,671,944
U+00D5=668,70,920,671,920
U+00D6=668,70,889,671,889
U+00D7=605,122,571,507,444
U+00D8=668,35,749,741,820
U+00D9=675,73,944,691,944
U+00DA=675,73,944,691,944
U+00DB=675,73,944,691,944
U+00DC=675,73,889,691,889
U+00DD=617,156,944,590,944
U+00DE=665,55,677,676,677
U+00DF=730,52,718,705,718
U+00E0=630,66,773,604,773
U+00E1=630,66,773,604,773
U+00E2=630,66,773,605,773
U+00E3=630,66,749,624,749
U+00E4=630,66,718,607,718
U+00E5=630,66,773,604,773
U+00E6=985,67,506,957,506
U+00E7=542,65,506,543,762
U+00E8=618,60,773,600,773
U+00E9=618,60,773,600,773
U+00EA=618,60,773,600,773
U+00EB=618,60,718,607,718
U+00EC=290,93,773,293,773
U+00ED=292,56,773,397,773
U+00EE=403,93,773,462,773
U+00EF=360,96,718,445,718
U+00F0=609,64,718,647,718
U+00F1=649,51,749,652,749
U+00F2=633,65,773,610,773
U+00F3=633,65,773,610,773
U+00F4=633,65,773,610,773
U+00F5=633,65,749,620,749
U+00F6=633,65,718,610,718
U+00F7=633,116,630,547,562
U+00F8=633,33,570,671,641
U+00F9=640,67,773,628,773
U+00FA=640,67,773,628,773
U+00FB=640,67,773,628,773
U+00FC=640,67,718,628,718
U+00FD=610,15,773,658,985
U+00FE=628,8,718,659,931
U+00FF=610,15,718,658,930
U+0100=636,16,894,721,894
U+0101=630,66,723,637,723
U+0102=636,16,944,707,944
U+0103=630,66,773,625,773
U+0104=636,16,677,603,933
U+0105=630,66,506,604,762
U+0106=586,70,944,619,944
U+0107=542,65,773,543,773
U+010A=586,70,889,619,889
U+010B=542,65,718,543,718
U+010C=586,70,944,674,944
U+010D=542,65,773,612,773
U+010E=676,56,944,698,944
U+010F=762,65,718,849,718
U+0110=675,54,677,683,677
U+0111=628,65,718,697,718
U+0112=609,51,894,673,894
U+0113=618,60,723,632,723
U+0114=609,51,944,659,944
U+0115=618,60,773,618,773
U+0116=609,51,889,645,889
U+0117=618,60,718,600,718
U+0118=609,51,677,645,933
U+0119=618,60,506,600,762
U+011A=609,51,944,684,944
U+011B=618,60,773,644,773
U+011E=645,70,944,658,944
U+011F=613,16,773,660,985
U+0120=645,70,889,657,889
U+0121=613,16,718,659,930
U+0122=645,70,677,657,933
U+0123=613,16,740,659,952
U+0126=681,55,677,712,677
U+0127=651,54,718,634,718
U+012A=270,58,894,499,894
U+012B=410,110,723,480,723
U+012C=270,58,944,485,944
U+012D=367,113,773,441,773
U+012E=270,-69,677,422,933
U+012F=253,-83,718,432,974
U+0130=270,58,889,328,889
U+0131=253,56,506,247,506
U+0132=815,58,677,844,677
U+0133=520,56,718,556,930
U+0136=706,55,677,730,933
U+0137=646,53,718,638,974
U+0139=539,54,944,483,944
U+013A=248,54,944,431,944
U+013B=539,54,677,483,933
U+013C=248,-21,718,367,974
U+013D=539,54,718,535,718
U+013E=391,54,718,489,718
U+013F=539,54,677,483,677
U+0140=352,54,718,390,718
U+0141=552,67,677,483,677
U+0142=281,69,718,328,718
U+0143=703,54,944,735,944
U+0144=649,51,773,634,773
U+0145=703,54,677,735,933
U+0146=649,51,506,634,762
U+0147=703,54,944,735,944
U+0148=649,51,773,674,773
U+014A=703,54,677,735,933
U+014B=649,51,506,634,762
U+014C=668,70,894,683,894
U+014D=633,65,723,635,723
U+014E=668,70,944,671,944
U+014F=633,65,773,621,773
U+0150=668,70,944,735,944
U+0151=633,65,773,686,773
U+0152=965,70,677,983,677
U+0153=995,65,506,968,506
U+0154=663,55,944,671,944
U+0155=451,51,773,499,773
U+0156=663,55,677,671,933
U+0157=451,-30,506,558,762
U+0158=663,55,944,691,944
U+0159=451,51,773,571,773
U+015A=646,52,944,680,944
U+015B=621,52,773,618,773
U+015E=646,52,677,680,933
U+015F=621,52,506,618,762
U+0160=646,52,944,712,944
U+0161=621,52,773,653,773
U+0162=533,119,677,530,933
U+0163=342,40,647,380,903
U+0164=533,140,944,558,944
U+0165=493,67,718,578,718
U+0166=533,140,677,509,677
U+0167=342,67,647,353,647
U+0168=675,73,920,691,920
U+0169=640,67,749,628,749
U+016A=675,73,894,691,894
U+016B=640,67,723,636,723
U+016C=675,73,944,691,944
U+016D=640,67,773,628,773
U+016E=675,73,944,691,944
U+016F=640,67,773,628,773
U+0170=675,73,944,735,944
U+0171=640,67,773,688,773
U+0172=675,73,677,691,933
U+0173=640,67,506,628,762
U+0174=998,159,944,965,944
U+0175=901,121,773,873,773
U+0176=617,156,944,590,944
U+0177=610,15,773,658,985
U+0178=617,156,889,590,889
U+0179=602,49,944,647,944
U+017A=571,47,773,583,773
U+017B=602,49,889,647,889
U+017C=571,47,718,583,718
U+017D=602,49,944,683,944
U+017E=571,47,773,639,773
U+0192=453,-17,677,599,845
U+0218=646,52,677,680,933
U+0219=621,52,506,618,762
U+021A=533,119,677,530,933
U+021B=342,40,647,380,903
U+02C6=572,175,773,462,204
U+02C7=572,219,773,462,204
U+02C9=571,189,723,480,89
U+02D8=521,209,773,421,207
U+02D9=248,176,718,158,152
U+02DA=347,181,773,264,227
U+02DB=333,-3,0,279,256
U+02DC=533,187,749,448,135
U+02DD=593,175,773,526,204
U+037E=263,7,507,299,605
U+0394=636,16,677,603,677
U+03A9=688,60,677,695,677
U+03BC=585,8,506,629,718
U+03C0=626,56,506,567,506
U+0401=609,51,871,648,871
U+0410=636,16,677,603,677
U+0411=664,53,677,735,677
U+0412=664,56,677,672,677
U+0413=539,53,677,599,677
U+0414=675,-20,675,721,815
U+0415=609,51,677,645,677
U+0416=1016,40,677,1035,677
U+0417=632,58,677,641,677
U+0418=703,53,677,737,677
U+0419=703,53,922,737,922
U+041A=706,55,677,730,677
U+041B=636,15,677,603,677
U+041C=810,53,677,845,677
U+041D=681,55,677,712,677
U+041E=668,70,677,671,677
U+041F=675,52,677,692,677
U+0420=635,56,677,662,677
U+0421=586,70,677,619,677
U+0422=533,140,677,509,677
U+0423=640,63,646,668,646
U+0424=778,25,711,755,711
U+0425=662,11,677,776,677
U+0426=755,73,677,691,827
U+0427=681,118,677,649,677
U+0428=1055,73,677,1071,677
U+0429=1135,73,677,1071,827
U+042A=814,140,677,682,677
U+042B=934,56,677,767,677
U+042C=664,56,677,616,677
U+042D=586,49,677,660,677
U+042E=918,58,677,933,677
U+042F=663,54,677,701,677
U+0430=630,66,506,604,506
U+0431=686,65,820,738,820
U+0432=564,48,508,558,508
U+0433=458,45,508,495,508
U+0434=573,-17,506,599,611
U+0435=618,60,506,600,506
U+0436=897,34,508,865,508
U+0437=537,47,508,533,508
U+0438=597,45,508,612,508
U+0439=597,45,692,612,692
U+043A=600,47,508,606,508
U+043B=540,13,508,512,508
U+043C=688,45,508,704,508
U+043D=578,47,508,591,508
U+043E=633,65,506,610,506
U+043F=573,44,508,576,508
U+0440=624,6,506,661,718
U+0441=542,65,506,543,506
U+0442=453,107,508,430,508
U+0443=610,15,506,658,718
U+0444=661,18,533,634,533
U+0445=612,9,506,695,506
U+0446=641,60,508,575,620
U+0447=578,94,508,544,508
U+0448=896,60,508,898,508
U+0449=964,60,508,898,620
U+044A=691,107,508,585,508
U+044B=793,48,508,637,508
U+044C=564,48,508,517,508
U+044D=498,42,508,552,508
U+044E=780,49,508,781,508
U+044F=563,46,508,581,508
U+0451=618,60,691,601,691
U+1E80=998,159,944,965,944
U+1E81=901,121,773,873,773
U+1E82=998,159,944,965,944
U+1E83=901,121,773,873,773
U+1E84=998,159,889,965,889
U+1E85=901,121,718,873,718
U+1EF2=617,156,944,590,944
U+1EF3=610,15,773,658,985
U+2013=695,93,391,652,95
U+2014=1150,93,391,1108,95
U+2018=259,208,718,127,249
U+2019=259,130,718,224,249
U+201A=259,10,151,224,249
U+201C=518,208,718,386,249
U+201D=518,130,718,483,249
U+201E=518,10,151,483,249
U+2020=522,158,677,426,678
U+2021=523,81,677,502,677
U+2022=314,112,436,230,208
U+2026=1195,56,151,1116,151
U+2030=1075,130,687,958,697
U+2039=267,84,545,265,461
U+203A=267,47,545,265,461
U+2044=193,-147,677,631,677
U+2070=355,121,687,331,338
U+2074=341,116,687,299,338
U+2075=355,123,687,328,338
U+2076=351,121,687,326,338
U+2077=305,121,687,297,338
U+2078=352,120,687,326,338
U+2079=354,122,687,328,338
U+2080=355,45,328,331,338
U+2081=191,60,328,160,338
U+2082=355,38,328,336,338
U+2083=346,38,328,326,338
U+2084=341,40,328,299,338
U+2085=355,47,328,328,338
U+2086=351,45,328,326,338
U+2087=305,45,328,297,338
U+2088=352,44,328,326,338
U+2089=354,46,328,328,338
U+20AC=582,72,677,616,677
U+2116=1223,54,677,1084,677
U+2117=684,66,677,691,677
U+2122=777,158,677,701,355
U+2126=688,60,677,695,677
U+2153=684,51,687,644,697
U+2154=758,121,687,655,697
U+215B=680,51,687,640,697
U+215C=753,129,687,636,697
U+215D=753,129,687,636,697
U+215E=680,51,687,640,697
U+2202=479,68,680,467,697
U+2206=636,16,677,603,677
U+220F=485,-1,677,575,910
U+2211=438,0,677,536,848
U+2212=633,116,399,547,100
U+221A=492,84,677,528,677
U+221E=627,92,507,586,333
U+222B=355,-17,718,495,889
U+2248=630,94,533,590,365
U+2260=632,72,677,631,677
U+2264=632,46,587,655,624
U+2265=632,46,587,608,624
U+22C5=239,107,395,160,151
U+25CA=535,104,677,466,677
U+FB01=600,53,718,643,718
U+FB02=595,53,718,640,718