upem=2048
U+0020=569,0,0,0,0
U+0021=569,185,1409,198,1409
U+0022=727,87,1409,553,443
U+0023=1139,9,1401,1120,1401
U+0024=1139,22,1516,1084,1658
U+0025=1821,73,1421,1675,1433
U+0026=1366,72,1417,1262,1437
U+0027=391,104,1409,184,443
U+0028=682,127,1484,543,1908
U+0029=682,12,1484,543,1908
U+002A=797,33,1409,732,719
U+002B=1196,100,1182,995,1002
U+002C=569,184,219,201,481
U+002D=682,91,624,500,160
U+002E=569,187,219,195,219
U+002F=569,0,1484,569,1504
U+0030=1139,80,1430,979,1450
U+0031=1139,156,1409,883,1409
U+0032=1139,103,1430,933,1430
U+0033=1139,78,1430,971,1450
U+0034=1139,47,1409,1032,1409
U+0035=1139,82,1409,971,1429
U+0036=1139,104,1430,945,1450
U+0037=1139,105,1409,931,1409
U+0038=1139,89,1430,961,1450
U+0039=1139,96,1430,946,1450
U+003A=569,187,1082,195,1082
U+003B=569,184,1082,201,1344
U+003C=1196,101,1194,995,1040
U+003D=1196,100,1004,995,660
U+003E=1196,101,1194,995,1040
U+003F=1139,84,1430,979,1430
U+0040=2079,161,1484,1741,1767
U+0041=1366,4,1409,1358,1409
U+0042=1366,168,1409,1090,1409
U+0043=1479,104,1430,1297,1450
U+0044=1479,168,1409,1213,1409
U+0045=1366,168,1409,1110,1409
U+0046=1251,168,1409,1001,1409
U+0047=1593,103,1430,1337,1450
U+0048=1479,168,1409,1144,1409
U+0049=569,189,1409,191,1409
U+004A=1024,32,1409,840,1429
U+004B=1366,168,1409,1175,1409
U+004C=1139,168,1409,903,1409
U+004D=1706,168,1409,1370,1409
U+004E=1479,168,1409,1144,1409
U+004F=1593,97,1430,1398,1450
U+0050=1366,168,1409,1090,1409
U+0051=1593,97,1430,1398,1817
U+0052=1479,168,1409,1216,1409
U+0053=1366,93,1430,1179,1450
U+0054=1251,46,1409,1158,1409
U+0055=1479,158,1409,1163,1429
U+0056=1366,9,1409,1348,1409
U+0057=1933,9,1409,1917,1409
U+0058=1366,46,1409,1277,1409
U+0059=1366,45,1409,1276,1409
U+005A=1251,65,1409,1122,1409
U+005B=569,146,1484,407,1909
U+005C=569,0,1484,569,1504
U+005D=569,16,1484,407,1909
U+005E=961,10,1409,941,736
U+005F=1139,-31,-277,1193,130
U+0060=682,106,1508,424,307
U+0061=1139,87,1102,1052,1122
U+0062=1139,132,1484,921,1504
U+0063=1024,87,1102,883,1122
U+0064=1139,86,1484,921,1504
U+0065=1139,87,1102,961,1122
U+0066=569,29,1482,543,1482
U+0067=1139,86,1099,921,1524
U+0068=1139,142,1484,864,1484
U+0069=455,137,1484,180,1484
U+006A=455,-50,1484,367,1909
U+006B=1024,138,1484,889,1484
U+006C=455,138,1484,180,1484
U+006D=1706,136,1102,1435,1102
U+006E=1139,136,1102,870,1102
U+006F=1139,86,1102,967,1122
U+0070=1139,132,1101,921,1526
U+0071=1139,86,1102,922,1527
U+0072=682,136,1102,512,1102
U+0073=1024,57,1099,893,1119
U+0074=569,31,1324,523,1340
U+0075=1139,133,1082,870,1102
U+0076=1024,7,1082,1010,1082
U+0077=1479,-3,1082,1487,1082
U+0078=1024,23,1082,979,1082
U+0079=1024,5,1082,1015,1507
U+007A=1024,83,1082,839,1082
U+007B=684,34,1484,614,1909
U+007C=532,183,1484,166,1918
U+007D=684,34,1484,613,1909
U+007E=1196,92,807,1012,254
U+00A0=569,0,0,0,0
U+00A1=682,242,1082,198,1409
U+00A2=1139,135,1409,883,1440
U+00A3=1139,58,1430,1046,1430
U+00A4=1139,113,1139,913,914
U+00A5=1139,-2,1409,1144,1409
U+00A6=532,183,1484,166,1918
U+00A7=1139,115,1484,909,1656
U+00A8=682,45,1403,557,184
U+00A9=1509,31,1430,1446,1446
U+00AA=758,26,1432,739,781
U+00AB=1139,83,940,973,799
U+00AC=1196,100,754,995,574
U+00AD=682,91,624,500,160
U+00AE=1509,31,1430,1446,1446
U+00AF=1131,-17,1546,1165,94
U+00B0=819,122,1430,574,570
U+00B1=1124,65,1219,995,1219
U+00B2=682,41,1421,602,858
U+00B3=682,27,1421,615,870
U+00B4=682,72,1508,424,307
U+00B5=1180,140,1082,993,1507
U+00B6=1100,80,1409,933,1673
U+00B7=682,243,666,195,220
U+00B8=682,119,0,364,434
U+00B9=682,80,1409,557,846
U+00BA=748,27,1432,696,781
U+00BB=1139,83,940,973,799
U+00BC=1708,56,1409,1674,1445
U+00BD=1708,56,1409,1597,1409
U+00BE=1708,73,1421,1657,1457
U+00BF=1251,131,1082,979,1430
U+00C0=1366,4,1776,1358,1776
U+00C1=1366,4,1776,1358,1776
U+00C2=1366,4,1790,1358,1790
U+00C3=1366,4,1798,1358,1798
U+00C4=1366,4,1714,1358,1714
U+00C5=1366,4,1787,1358,1787
U+00C6=2048,24,1409,1936,1409
U+00C7=1479,104,1430,1297,1864
U+00C8=1366,168,1776,1110,1776
U+00C9=1366,168,1776,1110,1776
U+00CA=1366,168,1790,1110,1790
U+00CB=1366,168,1714,1110,1714
U+00CC=569,9,1776,424,1776
U+00CD=569,142,1776,424,1776
U+00CE=569,-46,1790,662,1790
U+00CF=569,7,1714,557,1714
U+00D0=1479,14,1409,1367,1409
U+00D1=1479,168,1798,1144,1798
U+00D2=1593,97,1776,1398,1796
U+00D3=1593,97,1776,1398,1796
U+00D4=1593,97,1790,1398,1810
U+00D5=1593,97,1798,1398,1818
U+00D6=1593,97,1714,1398,1734
U+00D7=1196,142,1139,913,914
U+00D8=1593,71,1466,1453,1519
U+00D9=1479,158,1776,1163,1796
U+00DA=1479,158,1776,1163,1796
U+00DB=1479,158,1790,1163,1810
U+00DC=1479,158,1714,1163,1734
U+00DD=1366,45,1776,1276,1776
U+00DE=1366,168,1409,1090,1409
U+00DF=1251,142,1484,1025,1504
U+00E0=1139,87,1508,1052,1528
U+00E1=1139,87,1508,1052,1528
U+00E2=1139,87,1491,1052,1511
U+00E3=1139,87,1469,1052,1489
U+00E4=1139,87,1403,1052,1423
U+00E5=1139,87,1651,1052,1671
U+00E6=1821,66,1102,1664,1122
U+00E7=1024,87,1102,883,1536
U+00E8=1139,87,1508,961,1528
U+00E9=1139,87,1508,961,1528
U+00EA=1139,87,1491,961,1511
U+00EB=1139,87,1403,961,1423
U+00EC=569,10,1508,424,1508
U+00ED=569,135,1508,424,1508
U+00EE=569,-45,1491,662,1491
U+00EF=569,8,1403,557,1403
U+00F0=1139,86,1514,977,1534
U+00F1=1139,140,1469,870,1469
U+00F2=1139,86,1508,967,1528
U+00F3=1139,86,1508,967,1528
U+00F4=1139,86,1491,967,1511
U+00F5=1139,86,1469,967,1489
U+00F6=1139,86,1403,967,1423
U+00F7=1124,65,1141,995,918
U+00F8=1251,44,1116,1160,1154
U+00F9=1139,139,1508,870,1528
U+00FA=1139,139,1508,870,1528
U+00FB=1139,139,1491,870,1511
U+00FC=1139,139,1403,870,1423
U+00FD=1024,5,1508,1015,1933
U+00FE=1139,138,1484,915,1909
U+00FF=1024,5,1403,1015,1828
U+0100=1366,4,1692,1358,1692
U+0101=1139,87,1363,1052,1383
U+0102=1366,4,1779,1358,1779
U+0103=1139,87,1510,1052,1530
U+0104=1366,4,1409,1375,1825
U+0105=1139,87,1102,1052,1529
U+0106=1479,104,1776,1297,1796
U+0107=1024,87,1508,883,1528
U+0108=1479,104,1790,1297,1810
U+0109=1024,87,1491,883,1511
U+010A=1479,104,1777,1297,1797
U+010B=1024,87,1484,883,1504
U+010C=1479,104,1790,1297,1810
U+010D=1024,87,1491,883,1511
U+010E=1479,168,1790,1213,1790
U+010F=1259,86,1484,1193,1504
U+0110=1479,14,1409,1367,1409
U+0111=1139,86,1484,1047,1504
U+0112=1366,168,1692,1110,1692
U+0113=1139,87,1363,961,1383
U+0114=1366,168,1779,1110,1779
U+0115=1139,87,1510,961,1530
U+0116=1366,168,1777,1110,1777
U+0117=1139,87,1484,961,1504
U+0118=1366,168,1409,1110,1836
U+0119=1139,87,1102,961,1529
U+011A=1366,168,1790,1110,1790
U+011B=1139,87,1491,961,1511
U+011C=1593,103,1790,1337,1810
U+011D=1139,86,1491,921,1916
U+011E=1593,103,1779,1337,1799
U+011F=1139,86,1510,921,1935
U+0120=1593,103,1777,1337,1797
U+0121=1139,86,1484,921,1909
U+0122=1593,103,1430,1337,1864
U+0123=1139,86,1568,921,1993
U+0124=1479,168,1790,1144,1790
U+0125=1139,142,1854,864,1854
U+0126=1479,14,1409,1451,1409
U+0127=1139,10,1484,996,1484
U+0128=569,-72,1798,717,1798
U+0129=569,-72,1469,717,1469
U+012A=569,12,1692,549,1692
U+012B=569,12,1363,549,1363
U+012C=569,-46,1779,666,1779
U+012D=569,-46,1510,666,1510
U+012E=569,92,1409,350,1836
U+012F=455,31,1484,350,1911
U+0130=569,189,1777,191,1777
U+0131=569,194,1082,180,1082
U+0132=1505,170,1409,1183,1429
U+0133=909,137,1484,634,1909
U+0134=1024,32,1790,941,1810
U+0135=455,-103,1491,662,1916
U+0136=1366,168,1409,1175,1843
U+0137=1024,138,1484,889,1918
U+0138=1024,138,1082,889,1082
U+0139=1139,168,1776,903,1776
U+013A=455,91,1854,424,1854
U+013B=1139,168,1409,903,1843
U+013C=455,126,1484,201,1918
U+013D=1139,168,1409,903,1409
U+013E=597,138,1484,479,1484
U+013F=1139,168,1409,903,1409
U+0140=684,138,1484,520,1484
U+0141=1139,20,1409,1051,1409
U+0142=455,16,1484,426,1484
U+0143=1479,168,1776,1144,1776
U+0144=1139,140,1508,870,1508
U+0145=1479,168,1409,1144,1843
U+0146=1139,140,1102,870,1536
U+0147=1479,168,1790,1144,1790
U+0148=1139,140,1491,870,1491
U+0149=1237,-2,1409,1106,1409
U+014A=1481,165,1429,1167,1449
U+014B=1139,140,1102,870,1527
U+014C=1593,97,1692,1398,1712
U+014D=1139,86,1363,967,1383
U+014E=1593,97,1779,1398,1799
U+014F=1139,86,1510,967,1530
U+0150=1593,97,1777,1398,1797
U+0151=1139,86,1508,972,1528
U+0152=2048,97,1420,1861,1430
U+0153=1933,86,1102,1756,1122
U+0154=1479,168,1776,1216,1776
U+0155=682,136,1508,542,1508
U+0156=1479,168,1409,1216,1843
U+0157=682,129,1102,519,1536
U+0158=1479,168,1790,1216,1790
U+0159=682,56,1491,662,1491
U+015A=1366,93,1837,1179,1857
U+015B=1024,57,1508,893,1528
U+015C=1366,93,1790,1179,1810
U+015D=1024,57,1491,893,1511
U+015E=1366,93,1430,1179,1864
U+015F=1024,57,1099,893,1533
U+0160=1366,93,1790,1179,1810
U+0161=1024,57,1491,893,1511
U+0162=1251,46,1409,1158,1843
U+0163=569,31,1324,532,1758
U+0164=1251,46,1790,1158,1790
U+0165=768,31,1484,754,1500
U+0166=1251,46,1409,1158,1409
U+0167=569,31,1324,523,1340
U+0168=1479,158,1798,1163,1818
U+0169=1139,133,1469,870,1489
U+016A=1479,158,1692,1163,1712
U+016B=1139,133,1363,870,1383
U+016C=1479,158,1779,1163,1799
U+016D=1139,133,1510,870,1530
U+016E=1479,158,1854,1163,1874
U+016F=1139,133,1651,870,1671
U+0170=1479,158,1777,1163,1797
U+0171=1139,133,1508,921,1528
U+0172=1479,158,1409,1163,1836
U+0173=1139,133,1082,896,1509
U+0174=1933,9,1790,1917,1790
U+0175=1479,-3,1491,1487,1491
U+0176=1366,45,1790,1276,1790
U+0177=1024,5,1491,1015,1916
U+0178=1366,45,1714,1276,1714
U+0179=1251,65,1776,1122,1776
U+017A=1024,83,1508,839,1508
U+017B=1251,65,1777,1122,1777
U+017C=1024,83,1484,839,1484
U+017D=1251,65,1790,1122,1790
U+017E=1024,83,1491,839,1491
U+017F=455,138,1482,391,1482
U+0180=1139,11,1484,1042,1504
U+0181=1553,20,1409,1416,1409
U+0182=1344,168,1409,1095,1409
U+0183=1139,132,1484,921,1504
U+0184=1344,10,1409,1253,1409
U+0185=1139,10,1484,1043,1504
U+0186=1479,91,1430,1291,1450
U+0187=1479,104,1616,1505,1636
U+0188=1024,87,1283,1077,1303
U+0189=1479,14,1409,1367,1409
U+018A=1658,20,1409,1539,1409
U+018B=1344,81,1409,1095,1409
U+018C=1139,82,1484,921,1504
U+018D=1140,86,1102,967,1527
U+018E=1366,89,1409,1110,1409
U+018F=1541,94,1430,1353,1450
U+0190=1237,88,1429,1074,1449
U+0191=1251,-58,1409,1227,1834
U+0192=1139,192,1454,771,1888
U+0193=1593,103,1633,1527,1653
U+0194=1278,10,1409,1258,1834
U+0195=1804,142,1484,1526,1504
U+0196=455,138,1484,180,1484
U+0197=569,30,1484,515,1484
U+0198=1366,168,1425,1175,1425
U+0199=1024,138,1498,889,1498
U+019A=455,20,1484,401,1484
U+019B=1024,14,1484,992,1484
U+019C=1824,158,1409,1507,1429
U+019D=1479,-48,1409,1360,1834
U+019E=1139,136,1102,870,1528
U+019F=1593,97,1430,1398,1450
U+01A0=1756,97,1430,1612,1450
U+01A1=1343,86,1102,1197,1122
U+01A2=1778,97,1430,1515,1854
U+01A3=1367,86,1102,1134,1527
U+01A4=1545,20,1409,1409,1409
U+01A5=1139,138,1498,915,1923
U+01A6=1366,168,1409,1179,1728
U+01A7=1366,98,1430,1178,1450
U+01A8=1024,79,1099,884,1119
U+01A9=1266,108,1409,1077,1409
U+01AA=779,67,1493,694,1918
U+01AB=569,31,1324,523,1749
U+01AC=1251,20,1409,1184,1409
U+01AD=569,31,1498,526,1514
U+01AE=1251,46,1409,1158,1834
U+01AF=1749,158,1409,1506,1429
U+01B0=1371,133,1082,1175,1102
U+01B1=1531,87,1409,1356,1430
U+01B2=1479,158,1421,1160,1441
U+01B3=1582,45,1421,1488,1421
U+01B4=1024,5,1492,1413,1917
U+01B5=1251,62,1409,1126,1409
U+01B6=1024,47,1082,904,1082
U+01B7=1251,45,1409,1136,1835
U+01B8=1251,70,1409,1136,1835
U+01B9=1116,93,1083,967,1510
U+01BA=1116,78,1082,977,1508
U+01BB=1139,90,1430,946,1430
U+01BC=1139,89,1409,973,1429
U+01BD=939,46,1082,817,1102
U+01BE=997,36,1507,884,1527
U+01BF=1139,138,1101,913,1527
U+01C0=532,176,1484,180,1484
U+01C1=846,179,1484,488,1484
U+01C2=1196,114,1484,968,1484
U+01C3=569,185,1409,198,1409
U+01C4=2730,168,1847,2498,1847
U+01C5=2503,168,1491,2233,1491
U+01C6=2148,86,1491,1960,1511
U+01C7=2175,168,1409,1855,1429
U+01C8=1706,168,1484,1400,1909
U+01C9=924,138,1484,648,1909
U+01CA=2503,168,1409,2183,1429
U+01CB=1934,168,1484,1628,1909
U+01CC=1579,136,1484,1305,1909
U+01CD=1366,4,1790,1358,1790
U+01CE=1139,87,1491,1052,1511
U+01CF=569,-42,1790,662,1790
U+01D0=455,-119,1491,662,1491
U+01D1=1593,97,1790,1398,1810
U+01D2=1139,86,1491,967,1511
U+01D3=1479,158,1790,1163,1810
U+01D4=1139,133,1491,870,1511
U+01D5=1479,158,1835,1163,1855
U+01D6=1139,133,1643,870,1663
U+01D7=1479,158,1835,1163,1855
U+01D8=1139,133,1788,870,1808
U+01D9=1479,158,1835,1163,1855
U+01DA=1139,133,1771,870,1791
U+01DB=1479,158,1835,1163,1855
U+01DC=1139,133,1788,870,1808
U+01DD=1139,86,1102,961,1122
U+01DE=1366,4,1835,1358,1835
U+01DF=1139,87,1643,1052,1663
U+01E0=1366,4,1835,1358,1835
U+01E1=1139,87,1643,1052,1663
U+01E2=2048,24,1692,1936,1692
U+01E3=1821,66,1363,1664,1383
U+01E4=1593,103,1430,1465,1450
U+01E5=1139,86,1099,1042,1524
U+01E6=1593,103,1790,1337,1810
U+01E7=1139,86,1491,921,1916
U+01E8=1366,168,1790,1175,1790
U+01E9=1024,138,1810,889,1810
U+01EA=1593,97,1430,1398,1857
U+01EB=1139,86,1102,967,1529
U+01EC=1593,97,1692,1398,2119
U+01ED=1139,86,1363,967,1790
U+01EE=1251,45,1790,1136,2216
U+01EF=1116,68,1491,967,1916
U+01F0=455,-110,1491,662,1916
U+01F1=2730,168,1409,2498,1409
U+01F2=2503,168,1409,2233,1409
U+01F3=2148,86,1484,1960,1504
U+01F4=1593,103,1776,1337,1796
U+01F5=1139,86,1508,921,1933
U+01F6=2118,168,1409,1816,1429
U+01F7=1266,168,1430,1009,1855
U+01F8=1479,168,1776,1144,1776
U+01F9=1139,136,1508,870,1508
U+01FA=1366,4,1854,1358,1854
U+01FB=1139,87,1854,1052,1874
U+01FC=2048,24,1776,1936,1776
U+01FD=1821,66,1508,1664,1528
U+01FE=1593,71,1776,1453,1829
U+01FF=1251,44,1508,1160,1546
U+0200=1366,4,1870,1358,1870
U+0201=1139,87,1508,1052,1528
U+0202=1366,4,1828,1358,1828
U+0203=1139,87,1466,1052,1486
U+0204=1366,168,1870,1110,1870
U+0205=1139,87,1508,961,1528
U+0206=1366,168,1828,1110,1828
U+0207=1139,87,1466,961,1486
U+0208=569,-151,1870,771,1870
U+0209=569,-169,1508,771,1508
U+020A=569,8,1828,584,1828
U+020B=569,-6,1466,584,1466
U+020C=1593,97,1870,1398,1890
U+020D=1139,86,1508,967,1528
U+020E=1593,97,1828,1398,1848
U+020F=1139,86,1466,967,1486
U+0210=1479,168,1870,1216,1870
U+0211=682,-65,1508,771,1508
U+0212=1479,168,1828,1216,1828
U+0213=682,108,1466,584,1466
U+0214=1479,158,1870,1163,1890
U+0215=1139,105,1508,898,1528
U+0216=1479,158,1828,1163,1848
U+0217=1139,133,1466,870,1486
U+0218=1366,93,1430,1179,1864
U+0219=1024,57,1099,893,1533
U+021A=1251,46,1409,1158,1843
U+021B=569,31,1324,523,1758
U+021C=1116,64,1431,953,1858
U+021D=894,33,1102,781,1528
U+021E=1479,168,1790,1144,1790
U+021F=1139,142,1810,864,1810
U+0220=1446,164,1429,1119,1854
U+0221=1396,86,1484,1310,1910
U+0222=1238,93,1430,1050,1450
U+0223=1158,95,1490,973,1510
U+0224=1251,65,1409,1134,1664
U+0225=1024,49,1082,930,1327
U+0226=1366,4,1777,1358,1777
U+0227=1139,87,1484,1052,1504
U+0228=1366,168,1409,1110,1843
U+0229=1139,87,1102,961,1536
U+022A=1593,97,1835,1398,1855
U+022B=1139,86,1643,967,1663
U+022C=1593,97,1835,1398,1855
U+022D=1139,86,1693,967,1713
U+022E=1593,97,1777,1398,1797
U+022F=1139,86,1484,967,1504
U+0230=1593,97,1835,1398,1855
U+0231=1139,86,1643,967,1663
U+0232=1366,45,1692,1276,1692
U+0233=1024,5,1363,1015,1788
U+0234=715,-87,1484,800,1910
U+0235=1402,136,1102,1260,1528
U+0236=752,-73,1324,800,1345
U+0237=455,-50,1082,367,1507
U+0238=1816,83,1484,1650,1504
U+0239=1816,83,1100,1650,1525
U+023A=1366,4,1514,1358,1621
U+023B=1479,104,1514,1297,1621
U+023C=1024,10,1484,994,1909
U+023D=1139,26,1409,1045,1409
U+023E=1251,46,1514,1158,1621
U+023F=1024,71,1099,879,1525
U+0240=1024,49,1082,968,1508
U+0241=1189,51,1430,1049,1430
U+0242=928,20,1102,828,1102
U+0243=1366,33,1409,1225,1409
U+0244=1479,41,1409,1397,1429
U+0245=1368,9,1409,1348,1409
U+0246=1366,168,1554,1110,1778
U+0247=1139,68,1484,994,1908
U+0248=1024,32,1409,975,1429
U+0249=455,-50,1484,478,1909
U+024A=1510,97,1430,1445,1855
U+024B=1139,86,1102,1112,1527
U+024C=1479,0,1409,1384,1409
U+024D=682,20,1102,628,1102
U+024E=1366,45,1409,1276,1409
U+024F=1024,5,1082,1015,1507
U+0250=1139,1,1102,1052,1122
U+0251=1139,86,1102,921,1122
U+0252=1139,126,1102,921,1122
U+0253=1139,132,1498,921,1518
U+0254=1024,61,1102,883,1122
U+0255=1024,77,1102,888,1194
U+0256=1139,86,1484,1112,1909
U+0257=1139,86,1498,1153,1518
U+0258=1139,87,1102,961,1122
U+0259=1139,87,1102,961,1122
U+025A=1513,87,1102,1420,1122
U+025B=939,72,1102,814,1121
U+025C=939,53,1102,814,1121
U+025D=1293,53,1102,1234,1121
U+025E=1039,75,1102,900,1121
U+025F=569,8,1082,543,1508
U+0260=1139,86,1498,1151,1923
U+0261=1139,86,1099,921,1524
U+0262=1144,94,1102,913,1122
U+0263=1026,7,1082,1010,1507
U+0264=1263,22,1089,1215,1113
U+0265=1139,142,1083,864,1484
U+0266=1139,142,1498,864,1498
U+0267=1139,142,1498,864,1923
U+0268=455,24,1484,407,1484
U+0269=455,86,1082,369,1099
U+026A=729,68,1082,594,1082
U+026B=670,0,1484,669,1484
U+026C=622,15,1466,587,1466
U+026D=455,134,1484,395,1909
U+026E=1171,131,1484,972,1909
U+026F=1706,137,1082,1435,1102
U+0270=1706,137,1082,1429,1507
U+0271=1706,136,1102,1435,1527
U+0272=1139,-95,1102,1101,1527
U+0273=1139,136,1102,1093,1527
U+0274=1132,142,1082,863,1082
U+0275=1139,86,1102,967,1122
U+0276=1619,86,1102,1464,1122
U+0277=1599,87,1102,1425,1122
U+0278=1126,86,1484,967,1909
U+0279=682,43,1082,512,1102
U+027A=682,43,1483,512,1503
U+027B=682,43,1082,715,1507
U+027C=682,136,1102,512,1527
U+027D=682,136,1102,512,1527
U+027E=682,142,1102,506,1102
U+027F=682,32,1102,506,1527
U+0280=1109,142,1082,930,1082
U+0281=1109,142,1082,930,1082
U+0282=1024,57,1099,893,1524
U+0283=455,-118,1484,708,1909
U+0284=532,-61,1484,708,1909
U+0285=455,-126,1102,696,1527
U+0286=715,0,1484,843,1910
U+0287=569,31,1429,523,1430
U+0288=569,31,1324,523,1749
U+0289=1139,26,1082,1079,1102
U+028A=1164,84,1082,994,1102
U+028B=1120,133,1082,864,1102
U+028C=1024,7,1082,1010,1082
U+028D=1479,6,1082,1467,1082
U+028E=1024,15,1507,995,1507
U+028F=1064,27,1082,1010,1082
U+0290=1024,49,1082,1089,1507
U+0291=1108,49,1082,1016,1260
U+0292=1116,68,1082,967,1507
U+0293=1116,108,1083,991,1509
U+0294=1024,57,1484,887,1484
U+0295=1024,91,1484,877,1484
U+0296=1024,57,1484,887,1504
U+0297=1024,87,1102,883,1528
U+0298=1593,97,1430,1398,1450
U+0299=1088,142,1082,857,1082
U+029A=1039,73,1102,900,1121
U+029B=1144,94,1283,1093,1303
U+029C=1131,134,1082,863,1082
U+029D=814,1,1484,808,1909
U+029E=1024,1,1082,889,1484
U+029F=827,134,1082,631,1082
U+02A0=1139,86,1498,1156,1923
U+02A1=1024,47,1484,897,1484
U+02A2=1024,79,1484,897,1484
U+02A3=1975,86,1484,1834,1504
U+02A4=1856,86,1484,1714,1910
U+02A5=2059,86,1484,1928,1662
U+02A6=1459,41,1324,1339,1324
U+02A7=879,41,1484,967,1909
U+02A8=1472,31,1324,1376,1344
U+02A9=1564,29,1482,1397,1907
U+02AA=1354,138,1484,1136,1504
U+02AB=1295,138,1484,1113,1484
U+02AC=994,25,1484,944,1483
U+02AD=1080,99,1484,882,1484
U+02AE=1407,39,1100,1237,1526
U+02AF=1407,39,1100,1587,1525
U+02B0=785,97,1536,588,1046
U+02B1=785,97,1546,588,1056
U+02B2=326,-23,1536,249,1345
U+02B3=491,103,1267,348,777
U+02B4=491,40,1253,348,777
U+02B5=491,22,1253,487,1063
U+02B6=746,100,1253,632,763
U+02B7=985,-14,1253,1011,762
U+02B8=657,-11,1253,691,1063
U+02B9=391,104,1409,184,443
U+02BA=727,87,1409,553,443
U+02BB=455,127,1484,201,457
U+02BC=455,118,1484,201,457
U+02BD=455,138,1484,201,457
U+02BE=682,246,1523,185,379
U+02BF=682,250,1523,185,379
U+02C0=714,52,1484,603,994
U+02C1=714,51,1484,603,994
U+02C2=1196,101,1194,995,1040
U+02C3=1196,101,1194,995,1040
U+02C4=1196,101,1208,993,971
U+02C5=1196,101,1208,993,971
U+02C6=682,0,1491,662,290
U+02C7=682,0,1491,662,290
U+02C8=682,284,1484,113,332
U+02C9=682,51,1363,549,127
U+02CA=682,199,1484,337,279
U+02CB=682,149,1484,337,279
U+02CC=682,284,-74,113,332
U+02CD=682,67,-149,549,127
U+02CE=682,119,-127,337,279
U+02CF=682,229,-127,337,279
U+02D0=569,177,1082,215,1082
U+02D1=569,177,1082,215,215
U+02D2=682,246,471,185,379
U+02D3=682,250,471,185,379
U+02D4=682,161,510,359,337
U+02D5=682,161,510,359,337
U+02D6=682,161,520,359,357
U+02D7=682,29,416,624,141
U+02D8=682,-35,1510,666,309
U+02D9=682,156,1484,180,172
U+02DA=682,51,1651,484,483
U+02DB=682,80,0,350,427
U+02DC=682,-23,1469,717,268
U+02DD=682,22,1508,771,307
U+02DE=682,-26,780,564,423
U+02DF=682,3,1489,676,676
U+02E0=660,-14,1253,686,1063
U+02E1=322,100,1536,122,1046
U+02E2=696,44,1267,607,789
U+02E3=672,4,1253,665,763
U+02E4=714,51,1484,603,994
U+02E5=784,160,1409,464,1409
U+02E6=784,160,1409,464,1409
U+02E7=784,160,1409,464,1409
U+02E8=784,160,1409,464,1409
U+02E9=784,160,1409,464,1409
U+02EA=682,98,880,487,880
U+02EB=682,98,880,487,880
U+02EC=682,0,-134,662,290
U+02ED=682,29,1564,624,325
U+02EE=682,80,1484,510,457
U+02EF=682,129,-72,420,281
U+02F0=682,129,-72,420,281
U+02F1=682,200,-6,281,420
U+02F2=682,200,-6,281,420
U+02F3=682,141,-44,400,381
U+02F4=682,141,578,384,307
U+02F5=682,-26,578,731,307
U+02F6=682,-25,578,731,307
U+02F7=682,-23,-136,717,268
U+02F8=569,187,1484,195,1082
U+02F9=682,138,1484,406,336
U+02FA=682,138,1484,406,336
U+02FB=682,138,-89,406,336
U+02FC=682,138,-89,406,336
U+02FD=814,30,-89,754,336
U+02FE=814,23,-89,760,335
U+02FF=682,58,156,567,580
U+0300=0,-516,1827,337,279
U+0301=0,-363,1827,337,279
U+0302=0,-331,1491,662,290
U+0303=0,-23,1469,717,268
U+0304=0,-275,1363,549,127
U+0305=0,-597,1701,1193,130
U+0306=0,-292,1466,584,260
U+0307=0,-90,1409,180,172
U+0308=0,-279,1403,557,184
U+0309=0,-489,1835,433,354
U+030A=0,-200,1634,400,381
U+030B=0,-385,1508,771,307
U+030C=0,-331,1491,662,290
U+030D=0,-55,1484,113,332
U+030E=0,-167,1484,334,332
U+030F=0,-385,1508,771,307
U+0310=0,-292,1636,584,433
U+0311=0,-292,1466,584,260
U+0312=0,-101,1484,201,481
U+0313=0,-101,1484,201,481
U+0314=0,-101,1484,201,481
U+0315=0,-101,1484,201,481
U+0316=0,-165,-128,337,279
U+0317=0,-177,-127,337,279
U+0318=0,-193,-75,355,342
U+0319=0,-162,-75,355,342
U+031A=0,-377,1672,754,451
U+031B=0,62,1484,201,457
U+031C=0,-90,-46,185,379
U+031D=0,-180,-88,359,337
U+031E=0,-179,-88,359,337
U+031F=0,-181,-68,359,357
U+0320=0,-311,-157,624,141
U+0321=0,-239,155,417,580
U+0322=0,0,155,417,580
U+0323=0,-769,-139,180,172
U+0324=0,-279,-241,557,184
U+0325=0,-200,-44,400,381
U+0326=0,-103,-98,201,357
U+0327=0,-182,0,364,444
U+0328=0,-180,0,350,427
U+0329=0,-67,-75,134,350
U+032A=0,-377,-89,754,336
U+032B=0,-355,-131,710,237
U+032C=0,-327,-165,652,260
U+032D=0,-331,-165,652,260
U+032E=0,-292,-138,584,260
U+032F=0,-292,-138,584,260
U+0330=0,-358,-157,717,268
U+0331=0,-275,-197,549,127
U+0332=0,-597,-277,1193,130
U+0333=0,-311,-100,624,325
U+0334=0,-358,509,717,268
U+0335=0,-351,417,702,143
U+0336=0,-595,409,1193,125
U+0337=0,-512,995,1024,1023
U+0338=0,-282,1511,569,1546
U+0339=0,-93,-55,185,379
U+033A=0,-377,-89,754,336
U+033B=0,-188,-49,376,376
U+033C=0,-350,-126,700,237
U+033D=0,-219,1573,437,435
U+033E=0,-105,1673,210,541
U+033F=0,-596,1840,1193,292
U+0340=0,-333,1474,316,280
U+0341=0,18,1474,316,280
U+0342=0,-348,1469,697,268
U+0343=0,-100,1484,201,457
U+0344=0,-341,1507,680,276
U+0345=0,-70,-127,224,298
U+0346=0,-377,1570,754,336
U+0347=0,-499,-130,995,295
U+0348=0,-185,-75,375,350
U+0349=0,-203,-89,406,336
U+034A=0,-359,1529,717,388
U+034B=0,-353,1794,721,672
U+034C=0,-353,1717,721,500
U+034D=0,-273,-71,546,354
U+034E=0,-177,-44,354,381
U+034F=0,-746,1484,1492,1484
U+0350=0,-140,1569,281,420
U+0351=0,-93,1523,185,379
U+0352=0,-292,1670,584,433
U+0353=0,-219,-11,437,435
U+0354=0,-140,-6,281,420
U+0355=0,-140,-6,281,420
U+0356=0,-280,-6,709,420
U+0357=0,-92,1523,185,379
U+0358=0,245,1381,190,190
U+0359=0,-191,-61,381,365
U+035A=0,-321,-67,646,358
U+035B=0,-200,1588,400,461
U+035C=0,-173,-54,1587,371
U+035D=0,-173,1586,1587,371
U+035E=0,-603,1436,1928,127
U+035F=0,-563,-171,1788,127
U+0360=0,-173,1535,1586,316
U+0361=0,-173,1590,1587,371
U+0362=0,-173,-71,1148,354
U+0363=0,-325,1267,716,791
U+0364=0,-326,1267,654,791
U+0365=0,-60,1536,121,1046
U+0366=0,-327,1267,657,791
U+0367=0,-294,1253,591,777
U+0368=0,-307,1268,601,792
U+0369=0,-312,1536,626,1060
U+036A=0,-297,1536,588,1046
U+036B=0,-487,1267,976,777
U+036C=0,-157,1267,348,777
U+036D=0,-169,1423,356,944
U+036E=0,-342,1253,687,763
U+036F=0,-330,1253,665,763
U+0374=682,249,1484,317,289
U+0375=682,117,-136,317,289
U+037A=682,240,-127,224,298
U+037B=1024,62,1102,883,1122
U+037C=1024,87,1102,883,1122
U+037D=1024,62,1102,883,1122
U+037E=569,184,1082,201,1344
U+0384=682,205,1543,276,325
U+0385=682,29,1601,622,401
U+0386=1367,4,1411,1358,1411
U+0387=569,187,666,195,220
U+0388=1606,-11,1411,1529,1411
U+0389=1716,-14,1411,1563,1411
U+038A=786,-24,1411,621,1411
U+038C=1586,-69,1430,1560,1450
U+038E=1752,65,1411,1642,1411
U+038F=1541,-69,1430,1522,1430
U+0390=455,-80,1601,622,1601
U+0391=1366,4,1409,1358,1409
U+0392=1366,168,1409,1090,1409
U+0393=1128,168,1410,903,1409
U+0394=1368,61,1409,1245,1409
U+0395=1366,168,1409,1110,1409
U+0396=1251,65,1409,1122,1409
U+0397=1479,168,1409,1144,1409
U+0398=1593,97,1430,1398,1450
U+0399=569,189,1409,191,1409
U+039A=1366,168,1409,1175,1409
U+039B=1368,10,1410,1348,1409
U+039C=1706,168,1409,1370,1409
U+039D=1479,168,1409,1144,1409
U+039E=1331,90,1409,1151,1409
U+039F=1593,97,1430,1398,1450
U+03A0=1479,168,1409,1144,1409
U+03A1=1366,168,1409,1090,1409
U+03A3=1266,108,1409,1077,1409
U+03A4=1251,46,1409,1158,1409
U+03A5=1366,45,1409,1276,1409
U+03A6=1634,117,1419,1401,1430
U+03A7=1366,46,1409,1277,1409
U+03A8=1711,145,1409,1421,1409
U+03A9=1531,87,1430,1356,1430
U+03AA=569,7,1714,557,1714
U+03AB=1366,45,1714,1276,1714
U+03AC=1184,86,1543,1039,1563
U+03AD=913,70,1543,804,1563
U+03AE=1139,106,1543,900,1967
U+03AF=455,137,1543,297,1543
U+03B0=1120,133,1601,889,1621
U+03B1=1184,86,1102,1039,1122
U+03B2=1178,142,1484,955,1909
U+03B3=1024,7,1082,1010,1506
U+03B4=1140,86,1484,967,1504
U+03B5=913,70,1102,804,1122
U+03B6=903,86,1484,778,1837
U+03B7=1139,106,1102,900,1526
U+03B8=1139,106,1483,927,1503
U+03B9=455,137,1082,260,1082
U+03BA=1024,138,1082,889,1082
U+03BB=1024,14,1484,992,1484
U+03BC=1180,138,1082,892,1475
U+03BD=1024,0,1082,946,1082
U+03BE=917,86,1484,788,1837
U+03BF=1139,86,1102,967,1122
U+03C0=1413,79,1082,1244,1102
U+03C1=1165,132,1103,951,1528
U+03C2=987,86,1102,838,1455
U+03C3=1264,86,1082,1147,1102
U+03C4=809,29,1082,763,1102
U+03C5=1120,133,1082,889,1102
U+03C6=1328,85,1106,1157,1531
U+03C7=1075,21,1104,1030,1528
U+03C8=1460,135,1340,1189,1765
U+03C9=1599,83,1103,1432,1123
U+03CA=455,-51,1403,557,1403
U+03CB=1120,133,1403,889,1423
U+03CC=1139,86,1543,967,1563
U+03CD=1120,133,1543,889,1563
U+03CE=1599,83,1543,1432,1563
U+03D0=1178,115,1484,944,1504
U+03D1=1120,9,1484,1095,1504
U+03D2=1582,57,1421,1488,1421
U+03D3=1962,28,1484,1897,1484
U+03D4=1582,57,1714,1488,1714
U+03D5=1147,80,1484,987,1909
U+03D6=1599,82,1082,1435,1102
U+03D7=1231,68,1086,1115,1511
U+03D8=1593,97,1430,1398,1855
U+03D9=1139,86,1102,967,1527
U+03DA=1479,114,1430,1246,1430
U+03DB=1024,90,1102,884,1527
U+03DC=1251,168,1409,1001,1409
U+03DD=827,136,1082,611,1506
U+03DE=1279,1,1485,1269,1504
U+03DF=1084,50,1409,984,1409
U+03E0=1549,46,1484,1416,1907
U+03E1=1181,99,1492,1030,1918
U+03E2=1824,166,1409,1495,1833
U+03E3=1706,132,1082,1433,1506
U+03E4=1381,100,1430,1115,1430
U+03E5=1139,142,1496,864,1496
U+03E6=1380,164,1410,1115,1834
U+03E7=1024,10,1174,987,1194
U+03E8=1366,110,1430,1179,1450
U+03E9=1366,110,1430,1113,1450
U+03EA=1248,7,1430,1231,1430
U+03EB=1221,22,1089,1175,1089
U+03EC=1509,97,1409,1310,1429
U+03ED=1134,73,1102,993,1122
U+03EE=950,20,1410,910,1410
U+03EF=839,40,1496,759,1511
U+03F0=1231,68,1086,1121,1106
U+03F1=1173,98,1102,994,1527
U+03F2=1024,87,1102,883,1122
U+03F3=455,-50,1484,367,1909
U+03F4=1593,97,1430,1398,1450
U+03F5=905,80,1082,745,1082
U+03F6=905,80,1082,745,1082
U+03F7=1366,168,1409,1090,1409
U+03F8=1139,138,1484,915,1909
U+03F9=1479,104,1430,1297,1450
U+03FA=1706,168,1409,1370,1409
U+03FB=1408,142,1082,1125,1507
U+03FC=1165,10,1103,1073,1528
U+03FD=1479,91,1430,1291,1450
U+03FE=1479,104,1430,1297,1450
U+03FF=1479,91,1430,1291,1450
U+0400=1366,168,1776,1110,1776
U+0401=1367,168,1714,1110,1714
U+0402=1771,46,1409,1569,1429
U+0403=1109,168,1776,903,1775
U+0404=1472,104,1430,1297,1450
U+0405=1366,93,1430,1179,1450
U+0406=569,189,1409,191,1409
U+0407=569,7,1714,557,1714
U+0408=1024,32,1409,840,1429
U+0409=2165,18,1409,2041,1425
U+040A=2069,168,1409,1795,1409
U+040B=1749,46,1409,1537,1409
U+040C=1193,168,1776,1013,1776
U+040D=1472,168,1776,1136,1776
U+040E=1301,55,1850,1256,1870
U+040F=1472,168,1409,1136,1817
U+0410=1366,4,1409,1358,1409
U+0411=1344,168,1409,1070,1409
U+0412=1366,168,1409,1090,1409
U+0413=1109,168,1410,903,1409
U+0414=1387,15,1409,1334,1817
U+0415=1366,168,1409,1110,1409
U+0416=1891,28,1409,1835,1409
U+0417=1237,67,1429,1069,1449
U+0418=1472,168,1409,1136,1409
U+0419=1472,168,1850,1136,1850
U+041A=1193,168,1409,1013,1409
U+041B=1344,18,1409,1159,1425
U+041C=1706,168,1409,1370,1409
U+041D=1479,168,1409,1144,1409
U+041E=1593,97,1430,1398,1450
U+041F=1472,166,1409,1144,1409
U+0420=1366,168,1409,1090,1409
U+0421=1479,104,1430,1297,1450
U+0422=1251,46,1409,1158,1409
U+0423=1301,55,1409,1256,1429
U+0424=1557,118,1419,1321,1430
U+0425=1366,46,1409,1277,1409
U+0426=1515,168,1409,1309,1817
U+0427=1365,160,1409,1038,1409
U+0428=1877,168,1409,1541,1409
U+0429=1920,168,1409,1671,1817
U+042A=1621,46,1409,1469,1409
U+042B=1813,168,1409,1477,1409
U+042C=1344,168,1409,1070,1409
U+042D=1472,105,1430,1296,1450
U+042E=2069,168,1430,1803,1450
U+042F=1479,96,1409,1216,1409
U+0430=1139,87,1102,1052,1122
U+0431=1173,120,1502,967,1522
U+0432=1088,142,1082,857,1082
U+0433=747,142,1082,545,1082
U+0434=1195,20,1082,1140,1490
U+0435=1139,87,1102,961,1122
U+0436=1370,7,1082,1356,1082
U+0437=939,49,1102,813,1122
U+0438=1144,142,1082,860,1082
U+0439=1144,142,1520,860,1520
U+043A=896,138,1082,768,1082
U+043B=1195,11,1082,1042,1102
U+043C=1408,142,1082,1125,1082
U+043D=1131,142,1082,847,1082
U+043E=1139,86,1102,967,1122
U+043F=1109,142,1082,825,1082
U+0440=1139,132,1101,921,1526
U+0441=1024,87,1102,883,1122
U+0442=938,35,1082,868,1082
U+0443=1024,5,1082,1015,1507
U+0444=1685,86,1484,1512,1909
U+0445=1024,23,1082,979,1082
U+0446=1173,142,1082,984,1490
U+0447=1067,122,1082,802,1082
U+0448=1643,142,1082,1359,1082
U+0449=1685,142,1082,1496,1490
U+044A=1280,45,1082,1151,1082
U+044B=1472,142,1082,1188,1082
U+044C=1067,142,1082,841,1082
U+044D=1045,55,1102,903,1122
U+044E=1536,142,1102,1308,1122
U+044F=1109,17,1082,950,1082
U+0450=1139,87,1508,961,1528
U+0451=1139,87,1403,961,1423
U+0452=1139,10,1484,996,1909
U+0453=747,142,1508,570,1508
U+0454=1045,87,1102,903,1122
U+0455=1024,57,1099,893,1119
U+0456=455,137,1484,180,1484
U+0457=569,-8,1403,557,1403
U+0458=455,-50,1484,367,1909
U+0459=1856,11,1082,1761,1102
U+045A=1664,142,1082,1438,1082
U+045B=1139,10,1484,996,1484
U+045C=896,138,1508,768,1508
U+045D=1144,142,1508,860,1508
U+045E=1024,5,1520,1015,1945
U+045F=1131,142,1082,847,1490
U+0460=2740,114,1430,2516,1450
U+0461=1278,15,1082,1210,1082
U+0462=1593,21,1409,1491,1409
U+0463=1255,21,1483,1169,1483
U+0464=1945,189,1430,1667,1450
U+0465=1461,136,1102,1264,1122
U+0466=1368,4,1409,1358,1409
U+0467=1024,6,1082,1014,1082
U+0468=1838,191,1409,1637,1409
U+0469=1424,134,1082,1286,1082
U+046A=1697,121,1409,1456,1409
U+046B=1403,122,1082,1159,1082
U+046C=2157,189,1409,1849,1409
U+046D=1776,136,1082,1518,1082
U+046E=1237,96,1771,1040,2196
U+046F=939,32,1449,868,1874
U+0470=1631,67,1409,1449,1409
U+0471=1410,68,1082,1219,1507
U+0472=1593,97,1430,1398,1450
U+0473=1139,86,1102,967,1122
U+0474=1645,9,1430,1613,1430
U+0475=1292,7,1102,1258,1102
U+0476=1645,9,1868,1613,1868
U+0477=1292,7,1508,1258,1508
U+0478=2200,97,1430,2091,1855
U+0479=1836,85,1102,1733,1527
U+047A=1706,54,1523,1598,1640
U+047B=1254,43,1197,1168,1310
U+047C=2439,108,2004,2226,2024
U+047D=1744,87,1684,1568,1704
U+047E=2740,114,1769,2516,1789
U+047F=1278,15,1409,1210,1409
U+0480=1479,104,1430,1284,1857
U+0481=1024,80,1100,901,1525
U+0482=1031,11,1498,1009,1530
U+0483=0,-350,1509,702,362
U+0484=0,-324,1473,656,246
U+0485=0,-97,1484,195,387
U+0486=0,-97,1484,195,387
U+0487=0,-557,1684,1115,345
U+0488=0,-987,1463,1974,1805
U+0489=0,-917,1511,1844,1894
U+048A=1472,168,1850,1328,2260
U+048B=1144,142,1520,1034,1831
U+048C=1344,4,1409,1259,1409
U+048D=1067,20,1484,985,1484
U+048E=1366,168,1409,1120,1409
U+048F=1139,132,1101,925,1526
U+0490=1001,168,1820,786,1819
U+0491=842,142,1484,636,1484
U+0492=1109,-1,1410,1072,1410
U+0493=747,20,1082,667,1082
U+0494=1373,167,1409,1109,1834
U+0495=1124,141,1082,908,1507
U+0496=1891,28,1409,1842,1817
U+0497=1370,7,1082,1356,1490
U+0498=1237,67,1429,1069,1854
U+0499=939,49,1102,813,1527
U+049A=1193,168,1409,1017,1817
U+049B=896,138,1082,768,1490
U+049C=1193,168,1409,1013,1409
U+049D=896,138,1082,768,1082
U+049E=1193,4,1409,1177,1409
U+049F=896,10,1484,896,1484
U+04A0=1519,41,1409,1462,1409
U+04A1=1097,40,1082,1063,1082
U+04A2=1479,168,1409,1279,1817
U+04A3=1131,142,1082,969,1490
U+04A4=1801,168,1409,1592,1409
U+04A5=1327,142,1082,1148,1082
U+04A6=2328,168,1409,2067,1834
U+04A7=1782,136,1082,1566,1507
U+04A8=1542,62,1430,1438,1450
U+04A9=1067,35,1100,1007,1120
U+04AA=1479,104,1430,1297,1855
U+04AB=1024,87,1102,883,1527
U+04AC=1251,46,1409,1158,1817
U+04AD=938,35,1082,868,1490
U+04AE=1139,20,1409,1099,1409
U+04AF=1024,7,1082,1010,1507
U+04B0=1139,20,1409,1099,1409
U+04B1=1024,7,1082,1010,1507
U+04B2=1366,46,1409,1300,1817
U+04B3=1024,23,1082,987,1490
U+04B4=1895,49,1409,1800,1817
U+04B5=1415,38,1083,1336,1491
U+04B6=1365,160,1409,1178,1817
U+04B7=1067,69,1062,978,1363
U+04B8=1365,160,1409,1038,1409
U+04B9=1067,122,1082,802,1082
U+04BA=1365,169,1409,1068,1409
U+04BB=1139,142,1484,864,1484
U+04BC=1764,10,1430,1673,1450
U+04BD=1364,10,1102,1267,1122
U+04BE=1764,10,1430,1673,1739
U+04BF=1364,10,1102,1267,1412
U+04C0=569,189,1409,191,1409
U+04C1=1891,28,1835,1835,1835
U+04C2=1370,7,1520,1356,1520
U+04C3=1367,168,1409,1111,1834
U+04C4=1128,141,1082,908,1507
U+04C5=1344,18,1409,1344,1819
U+04C6=1195,11,1082,1212,1393
U+04C7=1479,168,1409,1144,1834
U+04C8=1131,142,1082,847,1507
U+04C9=1479,168,1409,1328,1819
U+04CA=1131,142,1082,1034,1393
U+04CB=1365,160,1409,1038,1817
U+04CC=1067,122,1082,802,1490
U+04CD=1706,168,1409,1566,1819
U+04CE=1408,142,1082,1299,1393
U+04CF=455,138,1484,180,1484
U+04D0=1366,4,1779,1358,1779
U+04D1=1139,87,1510,1052,1530
U+04D2=1366,4,1714,1358,1714
U+04D3=1139,87,1403,1052,1423
U+04D4=2048,24,1409,1936,1409
U+04D5=1821,66,1102,1664,1122
U+04D6=1366,168,1779,1110,1779
U+04D7=1139,87,1510,961,1530
U+04D8=1541,94,1430,1353,1450
U+04D9=1139,87,1102,961,1122
U+04DA=1541,94,1714,1353,1734
U+04DB=1139,87,1403,961,1423
U+04DC=1891,28,1714,1835,1714
U+04DD=1370,7,1403,1356,1403
U+04DE=1237,67,1714,1069,1734
U+04DF=939,49,1403,813,1423
U+04E0=1237,77,1409,1081,1429
U+04E1=1116,68,1082,967,1507
U+04E2=1472,168,1692,1136,1692
U+04E3=1144,142,1363,860,1363
U+04E4=1472,168,1714,1136,1714
U+04E5=1144,142,1403,860,1403
U+04E6=1593,97,1714,1398,1734
U+04E7=1139,86,1403,967,1423
U+04E8=1593,97,1430,1398,1450
U+04E9=1139,86,1102,967,1122
U+04EA=1593,97,1714,1398,1734
U+04EB=1139,86,1403,967,1423
U+04EC=1472,105,1714,1296,1734
U+04ED=1045,55,1403,903,1423
U+04EE=1301,55,1692,1256,1712
U+04EF=1024,5,1363,1015,1788
U+04F0=1301,55,1714,1256,1734
U+04F1=1024,5,1403,1015,1828
U+04F2=1301,55,1777,1256,1797
U+04F3=1024,5,1508,1015,1933
U+04F4=1365,160,1714,1038,1714
U+04F5=1067,122,1403,802,1403
U+04F6=1109,168,1410,903,1818
U+04F7=747,142,1082,545,1490
U+04F8=1813,168,1714,1477,1714
U+04F9=1472,142,1403,1188,1403
U+04FA=1109,-1,1410,1072,1835
U+04FB=747,0,1082,687,1507
U+04FC=1366,46,1409,1309,1834
U+04FD=1024,23,1082,999,1507
U+04FE=1366,46,1409,1277,1409
U+04FF=1024,23,1082,979,1082
U+0500=1344,88,1409,1090,1409
U+0501=1139,86,1484,921,1504
U+0502=1983,91,1409,1758,1429
U+0503=1795,86,1484,1573,1504
U+0504=1958,96,1429,1730,1449
U+0505=1670,85,1102,1452,1122
U+0506=1357,96,1429,1191,1837
U+0507=1043,85,1102,897,1510
U+0508=1987,18,1409,1839,1429
U+0509=1863,11,1082,1718,1102
U+050A=2118,168,1409,1819,1429
U+050B=1799,142,1082,1523,1102
U+050C=1593,103,1430,1337,1450
U+050D=1144,94,1102,913,1122
U+050E=1529,46,1409,1350,1429
U+050F=1363,35,1082,1194,1102
U+0510=1237,82,1429,1069,1449
U+0511=939,73,1102,813,1122
U+0512=1344,18,1409,1159,1834
U+0513=1195,11,1082,1042,1507
U+051A=1593,97,1430,1398,1817
U+051B=1139,86,1102,922,1527
U+051C=1933,9,1409,1917,1409
U+051D=1479,-3,1082,1487,1082
U+0591=0,-188,-53,378,332
U+0592=0,43,1724,387,366
U+0593=0,-147,1788,294,430
U+0594=0,94,1724,162,366
U+0595=0,96,1724,359,366
U+0596=0,-178,-82,328,303
U+0597=0,-152,1704,304,336
U+0598=0,-299,1667,598,307
U+0599=0,-328,1663,328,305
U+059A=0,0,-25,322,360
U+059B=0,-215,-14,365,371
U+059C=0,0,1663,328,305
U+059D=0,0,1663,328,305
U+059E=0,-328,1663,656,305
U+059F=0,-522,1833,1044,494
U+05A0=0,0,1833,492,494
U+05A1=0,-164,1690,332,332
U+05A2=0,-188,-53,378,332
U+05A3=0,-184,-35,327,313
U+05A4=0,-162,-25,324,360
U+05A5=0,-150,-82,328,303
U+05A6=0,-328,-82,656,303
U+05A7=0,-158,-8,314,377
U+05A8=0,-164,1663,328,305
U+05A9=0,-492,1833,492,494
U+05AA=0,-188,-53,378,332
U+05AB=0,-162,1718,324,360
U+05AC=0,-184,1671,327,313
U+05AD=0,0,-82,328,303
U+05AE=0,-598,1667,598,307
U+05AF=0,-215,1833,430,430
U+05B0=0,-80,-18,160,367
U+05B1=0,-301,-18,602,367
U+05B2=0,-270,-18,542,367
U+05B3=0,-270,-18,542,367
U+05B4=0,-80,-190,160,158
U+05B5=0,-195,-188,390,160
U+05B6=0,-195,-18,390,367
U+05B7=0,-164,-125,328,106
U+05B8=0,-164,-125,328,223
U+05B9=0,-80,1606,160,160
U+05BA=0,-80,1606,160,160
U+05BB=0,-238,-16,478,369
U+05BC=0,-80,782,160,157
U+05BD=0,-55,-125,110,223
U+05BE=784,133,1356,572,211
U+05BF=0,-164,1579,328,106
U+05C0=1153,500,2007,153,2423
U+05C1=0,-80,1606,160,160
U+05C2=0,-80,1606,160,160
U+05C3=569,186,1081,197,1081
U+05C4=0,-80,1718,160,159
U+05C5=0,-80,-248,160,158
U+05C6=776,154,1227,561,1227
U+05C7=0,53,-98,432,287
U+05D0=1286,66,1227,1194,1227
U+05D1=1225,82,1227,1071,1227
U+05D2=866,63,1227,750,1227
U+05D3=1135,41,1227,1038,1227
U+05D4=1298,152,1227,983,1227
U+05D5=532,174,1227,184,1227
U+05D6=662,51,1245,582,1245
U+05D7=1348,174,1227,1010,1227
U+05D8=1337,164,1247,1063,1267
U+05D9=532,174,1227,184,645
U+05DA=1094,39,1227,891,1612
U+05DB=1075,80,1227,883,1227
U+05DC=1085,70,1665,917,1710
U+05DD=1389,174,1227,1051,1227
U+05DE=1407,55,1247,1188,1247
U+05DF=532,174,1227,184,1612
U+05E0=797,72,1227,561,1227
U+05E1=1343,51,1227,1180,1247
U+05E2=1192,41,1227,1049,1260
U+05E3=1276,133,1227,979,1612
U+05E4=1249,143,1227,994,1227
U+05E5=1032,10,1227,971,1612
U+05E6=1116,10,1227,1018,1227
U+05E7=1208,123,1227,973,1612
U+05E8=1094,39,1227,891,1227
U+05E9=1495,51,1227,1356,1237
U+05EA=1415,61,1227,1190,1227
U+05F0=1042,174,1227,694,1227
U+05F1=1042,174,1227,694,1227
U+05F2=1042,174,1227,694,645
U+05F3=788,215,1665,369,635
U+05F4=1235,215,1665,815,635
U+1D00=1016,21,1082,974,1082
U+1D01=1531,25,1082,1431,1082
U+1D02=1821,66,1100,1664,1120
U+1D03=1088,25,1082,1040,1082
U+1D04=1024,87,1102,883,1122
U+1D05=1129,135,1082,918,1082
U+1D06=1129,0,1082,1053,1082
U+1D07=1003,135,1082,792,1082
U+1D08=939,49,1102,813,1122
U+1D09=455,137,1082,180,1484
U+1D0A=865,48,1082,682,1102
U+1D0B=1024,138,1082,889,1082
U+1D0C=822,16,1082,768,1082
U+1D0D=1408,142,1082,1125,1082
U+1D0E=1144,142,1082,860,1082
U+1D0F=1139,86,1102,967,1122
U+1D10=1024,61,1102,883,1122
U+1D11=1246,62,1016,1122,967
U+1D12=1246,65,990,1122,883
U+1D13=1246,47,1118,1154,1160
U+1D14=1933,87,1102,1756,1122
U+1D15=936,67,1082,801,1102
U+1D16=1139,86,1102,967,560
U+1D17=1139,86,542,967,562
U+1D18=1067,142,1082,862,1082
U+1D19=1109,17,1082,950,1082
U+1D1A=1109,17,1082,950,1082
U+1D1B=938,35,1082,868,1082
U+1D1C=1120,133,1082,889,1102
U+1D1D=1222,68,958,1102,870
U+1D1E=1502,69,958,1381,870
U+1D1F=1222,63,1268,1102,1435
U+1D20=1024,7,1082,1010,1082
U+1D21=1479,-3,1082,1487,1082
U+1D22=1024,83,1082,839,1082
U+1D23=939,49,1082,813,1102
U+1D24=875,65,1100,746,1121
U+1D25=1243,41,1101,1164,1121
U+1D26=747,142,1082,545,1082
U+1D27=1024,7,1082,1010,1082
U+1D28=1109,142,1082,825,1082
U+1D29=1067,142,1082,862,1082
U+1D2A=1460,126,1082,1208,1082
U+1D2B=1195,11,1082,1042,1102
U+1D2C=928,-4,1484,934,994
U+1D2D=1359,11,1484,1323,994
U+1D2E=849,53,1484,745,994
U+1D2F=849,-36,1484,901,994
U+1D30=920,50,1484,828,994
U+1D31=840,49,1484,758,994
U+1D32=840,32,1484,758,994
U+1D33=1016,48,1499,916,1023
U+1D34=878,46,1484,787,994
U+1D35=342,99,1484,142,994
U+1D36=644,17,1484,581,1008
U+1D37=870,49,1484,810,994
U+1D38=720,45,1484,623,994
U+1D39=1045,52,1484,939,994
U+1D3A=881,46,1484,787,994
U+1D3B=879,46,1484,787,994
U+1D3C=1048,43,1499,958,1023
U+1D3D=783,52,1460,679,983
U+1D3E=857,45,1484,750,994
U+1D3F=924,45,1484,837,994
U+1D40=886,42,1484,796,994
U+1D41=879,39,1484,799,1008
U+1D42=1275,1,1484,1271,994
U+1D43=762,59,1267,716,791
U+1D44=762,-20,1267,716,791
U+1D45=772,59,1266,626,790
U+1D46=1228,45,1267,1132,791
U+1D47=773,90,1536,626,1060
U+1D48=773,59,1536,626,1060
U+1D49=761,59,1267,654,791
U+1D4A=761,59,1267,654,791
U+1D4B=652,56,1267,553,791
U+1D4C=652,48,1267,553,791
U+1D4D=772,59,1265,626,1075
U+1D4E=322,94,1253,121,1046
U+1D4F=694,94,1536,605,1046
U+1D50=1173,93,1267,976,777
U+1D51=783,93,1267,591,1077
U+1D52=773,59,1267,657,791
U+1D53=725,72,1267,601,791
U+1D54=773,59,1267,657,395
U+1D55=773,59,872,657,396
U+1D56=774,90,1266,626,1076
U+1D57=450,32,1423,356,944
U+1D58=783,91,1253,591,777
U+1D59=834,43,1126,757,591
U+1D5A=1173,93,1254,976,777
U+1D5B=658,-13,1253,687,763
U+1D5C=800,4,1267,789,790
U+1D5D=789,96,1536,650,1346
U+1D5E=658,2,1253,665,1063
U+1D5F=774,59,1536,657,1060
U+1D60=901,58,1270,787,1080
U+1D61=703,4,1268,701,1077
U+1D62=322,101,910,121,1046
U+1D63=491,103,641,348,777
U+1D64=783,96,627,591,777
U+1D65=658,-13,627,687,763
U+1D66=789,98,910,649,1325
U+1D67=658,-13,626,686,1042
U+1D68=777,60,641,676,1057
U+1D69=901,58,640,787,1055
U+1D6A=703,4,642,701,1077
U+1D6B=1860,133,1102,1644,1122
U+1D6C=1139,-110,1484,1163,1504
U+1D6D=1139,86,1484,1156,1504
U+1D6E=569,-67,1482,669,1482
U+1D6F=1706,-57,1102,1821,1102
U+1D70=1139,-77,1102,1291,1102
U+1D71=1139,-106,1101,1159,1526
U+1D72=682,-98,1102,746,1102
U+1D73=682,-98,1102,746,1102
U+1D74=1024,-7,1099,1021,1119
U+1D75=569,-78,1324,665,1340
U+1D76=1024,49,1082,901,1082
U+1D77=1139,135,1099,921,1524
U+1D78=779,98,1192,583,717
U+1D79=1140,77,1082,994,1507
U+1D7A=1609,42,1515,1424,1572
U+1D7B=455,26,1082,403,1082
U+1D7C=455,26,1082,403,1082
U+1D7D=1139,30,1101,1099,1526
U+1D7E=1120,30,1082,1060,1102
U+1D7F=1164,10,1082,1144,1102
U+1D80=1139,132,1484,921,1909
U+1D81=1139,86,1484,1004,1909
U+1D82=569,29,1482,543,1907
U+1D83=1460,86,1099,1343,1524
U+1D84=1024,138,1484,886,1909
U+1D85=455,15,1484,390,1909
U+1D86=1706,136,1102,1533,1527
U+1D87=1139,136,1102,960,1527
U+1D88=1139,132,1101,921,1526
U+1D89=682,0,1102,648,1527
U+1D8A=1024,57,1099,893,1524
U+1D8B=792,-89,1484,851,1909
U+1D8C=1024,7,1082,1010,1508
U+1D8D=1024,23,1082,995,1508
U+1D8E=1024,49,1082,901,1508
U+1D8F=1139,87,1102,1247,1528
U+1D90=1139,86,1102,1186,1528
U+1D91=1139,86,1498,1153,1923
U+1D92=1139,87,1102,1160,1527
U+1D93=939,73,1102,1041,1527
U+1D94=939,53,1102,813,1527
U+1D95=1332,88,1102,1361,1527
U+1D96=455,137,1484,499,1909
U+1D97=1024,61,1102,883,1527
U+1D98=455,-111,1484,694,1909
U+1D99=1139,133,1082,1176,1507
U+1D9A=1116,68,1082,967,1507
U+1D9B=772,87,1267,627,792
U+1D9C=725,64,1268,601,792
U+1D9D=713,51,1268,604,842
U+1D9E=764,50,1558,665,1081
U+1D9F=652,39,1266,554,791
U+1DA0=469,46,1534,369,1044
U+1DA1=469,44,1253,369,1044
U+1DA2=772,59,1265,626,1075
U+1DA3=785,96,1536,588,1046
U+1DA4=322,17,1536,285,1046
U+1DA5=322,100,1253,121,763
U+1DA6=322,100,1253,121,763
U+1DA7=322,17,1253,285,763
U+1DA8=554,-1,1536,550,1345
U+1DA9=322,87,1536,269,1345
U+1DAA=322,3,1536,266,1345
U+1DAB=563,88,1253,429,763
U+1DAC=1171,91,1267,975,1077
U+1DAD=1171,91,1253,971,1063
U+1DAE=783,-63,1267,749,1077
U+1DAF=783,95,1267,743,1077
U+1DB0=782,95,1252,587,762
U+1DB1=773,58,1268,657,792
U+1DB2=768,55,1536,657,1345
U+1DB3=696,47,1266,607,1074
U+1DB4=322,-81,1536,482,1345
U+1DB5=450,34,1424,355,1233
U+1DB6=783,19,1253,733,776
U+1DB7=794,56,1253,676,776
U+1DB8=774,91,1253,588,776
U+1DB9=724,87,1253,588,776
U+1DBA=658,-13,1253,687,763
U+1DBB=734,60,1253,613,763
U+1DBC=734,46,1253,741,1063
U+1DBD=734,37,1253,690,888
U+1DBE=756,46,1253,657,1063
U+1DBF=746,60,1541,631,1059
U+1DC0=0,-336,1577,672,359
U+1DC1=0,-380,1577,761,359
U+1DC2=0,-123,-86,225,348
U+1DC3=0,-343,1493,692,242
U+1DC4=0,-314,1492,614,256
U+1DC5=0,-300,1492,614,256
U+1DC6=0,-314,1492,614,256
U+1DC7=0,-300,1492,614,256
U+1DC8=0,-414,1493,831,257
U+1DC9=0,-414,1493,831,257
U+1DCA=0,-145,-54,253,371
U+1DFE=0,-140,1569,281,420
U+1DFF=0,-280,-6,709,420
U+1E00=1366,4,1409,1358,1834
U+1E01=1139,87,1102,1052,1527
U+1E02=1366,168,1777,1090,1777
U+1E03=1139,132,1484,921,1504
U+1E04=1366,168,1409,1090,1720
U+1E05=1139,132,1484,921,1795
U+1E06=1366,168,1409,1090,1733
U+1E07=1139,132,1484,921,1808
U+1E08=1479,104,1776,1297,2210
U+1E09=1024,87,1508,883,1922
U+1E0A=1479,168,1777,1213,1777
U+1E0B=1139,86,1484,921,1504
U+1E0C=1479,168,1409,1213,1720
U+1E0D=1139,86,1484,921,1795
U+1E0E=1479,168,1409,1213,1733
U+1E0F=1139,86,1484,921,1808
U+1E10=1479,168,1409,1213,1864
U+1E11=1139,86,1484,921,1939
U+1E12=1479,168,1409,1213,1834
U+1E13=1139,86,1484,921,1909
U+1E14=1366,168,1835,1110,1835
U+1E15=1139,87,1783,961,1803
U+1E16=1366,168,1835,1110,1835
U+1E17=1139,87,1783,961,1803
U+1E18=1366,168,1409,1110,1834
U+1E19=1139,87,1102,961,1527
U+1E1A=1366,168,1409,1110,1834
U+1E1B=1139,87,1102,961,1527
U+1E1C=1366,168,1872,1110,2306
U+1E1D=1139,87,1510,961,1944
U+1E1E=1251,168,1777,1001,1777
U+1E1F=569,29,1777,543,1777
U+1E20=1593,103,1692,1337,1712
U+1E21=1139,86,1363,921,1788
U+1E22=1479,168,1777,1144,1777
U+1E23=1139,142,1777,864,1777
U+1E24=1479,168,1409,1144,1720
U+1E25=1139,142,1484,864,1795
U+1E26=1479,168,1714,1144,1714
U+1E27=1139,142,1765,864,1765
U+1E28=1479,145,1409,1167,1843
U+1E29=1139,108,1484,898,1918
U+1E2A=1479,168,1409,1144,1807
U+1E2B=1139,142,1484,864,1882
U+1E2C=569,-75,1409,717,1834
U+1E2D=455,-132,1484,717,1909
U+1E2E=569,-8,1835,597,1835
U+1E2F=569,7,1768,628,1768
U+1E30=1366,168,1776,1175,1776
U+1E31=1024,138,1816,889,1816
U+1E32=1366,168,1409,1175,1720
U+1E33=1024,138,1484,889,1795
U+1E34=1366,168,1409,1175,1733
U+1E35=1024,138,1484,889,1808
U+1E36=1139,168,1409,903,1720
U+1E37=455,137,1484,181,1795
U+1E38=1139,168,1692,903,2003
U+1E39=455,-48,1697,549,2008
U+1E3A=1139,168,1409,903,1733
U+1E3B=455,-45,1484,549,1808
U+1E3C=1139,168,1409,903,1834
U+1E3D=455,-102,1484,652,1909
U+1E3E=1706,168,1776,1370,1776
U+1E3F=1706,136,1508,1435,1508
U+1E40=1706,168,1777,1370,1777
U+1E41=1706,136,1484,1435,1484
U+1E42=1706,168,1409,1370,1720
U+1E43=1706,136,1102,1435,1413
U+1E44=1479,168,1777,1144,1777
U+1E45=1139,136,1484,870,1484
U+1E46=1479,168,1409,1144,1720
U+1E47=1139,136,1102,870,1413
U+1E48=1479,168,1409,1144,1733
U+1E49=1139,136,1102,870,1426
U+1E4A=1479,168,1409,1144,1834
U+1E4B=1139,136,1102,870,1527
U+1E4C=1593,97,1835,1398,1855
U+1E4D=1139,86,1786,967,1806
U+1E4E=1593,97,1835,1398,1855
U+1E4F=1139,86,1724,967,1744
U+1E50=1593,97,1835,1398,1855
U+1E51=1139,86,1783,967,1803
U+1E52=1593,97,1835,1398,1855
U+1E53=1139,86,1783,967,1803
U+1E54=1366,168,1776,1090,1776
U+1E55=1139,132,1508,921,1933
U+1E56=1366,168,1777,1090,1777
U+1E57=1139,132,1484,921,1909
U+1E58=1479,168,1777,1216,1777
U+1E59=682,136,1484,512,1484
U+1E5A=1479,168,1409,1216,1720
U+1E5B=682,136,1102,512,1413
U+1E5C=1479,168,1692,1216,2003
U+1E5D=682,116,1363,549,1674
U+1E5E=1479,168,1409,1216,1733
U+1E5F=682,84,1102,564,1426
U+1E60=1366,93,1777,1179,1797
U+1E61=1024,57,1484,893,1504
U+1E62=1366,93,1430,1179,1741
U+1E63=1024,57,1099,893,1410
U+1E64=1366,93,1813,1179,1833
U+1E65=1024,57,1496,893,1516
U+1E66=1366,93,1835,1179,1855
U+1E67=1024,57,1518,893,1538
U+1E68=1366,93,1777,1179,2088
U+1E69=1024,57,1484,893,1795
U+1E6A=1251,46,1777,1158,1777
U+1E6B=569,31,1753,523,1769
U+1E6C=1251,46,1409,1158,1720
U+1E6D=569,31,1324,523,1635
U+1E6E=1251,46,1409,1158,1733
U+1E6F=569,31,1324,577,1648
U+1E70=1251,46,1409,1158,1834
U+1E71=569,8,1324,652,1749
U+1E72=1479,158,1409,1163,1834
U+1E73=1139,133,1082,870,1507
U+1E74=1479,158,1409,1163,1834
U+1E75=1139,133,1082,870,1507
U+1E76=1479,158,1409,1163,1834
U+1E77=1139,133,1082,870,1507
U+1E78=1479,158,1835,1163,1855
U+1E79=1139,133,1786,870,1806
U+1E7A=1479,158,1835,1163,1855
U+1E7B=1139,133,1653,870,1673
U+1E7C=1366,9,1798,1348,1798
U+1E7D=1024,7,1469,1010,1469
U+1E7E=1366,9,1409,1348,1720
U+1E7F=1024,7,1082,1010,1393
U+1E80=1933,9,1776,1917,1776
U+1E81=1479,-3,1508,1487,1508
U+1E82=1933,9,1776,1917,1776
U+1E83=1479,-3,1508,1487,1508
U+1E84=1933,9,1714,1917,1714
U+1E85=1479,-3,1403,1487,1403
U+1E86=1933,9,1777,1917,1777
U+1E87=1479,-3,1484,1487,1484
U+1E88=1933,9,1409,1917,1720
U+1E89=1479,-3,1082,1487,1393
U+1E8A=1366,46,1777,1277,1777
U+1E8B=1024,23,1484,979,1484
U+1E8C=1366,46,1714,1277,1714
U+1E8D=1024,23,1403,979,1403
U+1E8E=1366,45,1777,1276,1777
U+1E8F=1024,5,1484,1015,1909
U+1E90=1251,65,1790,1122,1790
U+1E91=1024,83,1491,839,1491
U+1E92=1251,65,1409,1122,1720
U+1E93=1024,83,1082,839,1393
U+1E94=1251,65,1409,1122,1733
U+1E95=1024,83,1082,839,1406
U+1E96=1139,142,1484,864,1808
U+1E97=569,11,1672,557,1688
U+1E98=1479,-3,1651,1487,1651
U+1E99=1024,5,1651,1015,2076
U+1E9A=1139,87,1523,1052,1543
U+1E9B=455,138,1777,391,1777
U+1E9E=1439,168,1430,1179,1450
U+1EA0=1366,4,1409,1358,1720
U+1EA1=1139,87,1102,1052,1413
U+1EA2=1366,4,1835,1358,1835
U+1EA3=1139,87,1526,1052,1546
U+1EA4=1366,4,1835,1358,1835
U+1EA5=1139,87,1574,1052,1594
U+1EA6=1366,4,1835,1358,1835
U+1EA7=1139,49,1574,1090,1594
U+1EA8=1366,4,1835,1358,1835
U+1EA9=1139,87,1653,1052,1673
U+1EAA=1366,4,1835,1358,1835
U+1EAB=1139,87,1775,1052,1795
U+1EAC=1366,4,1790,1358,2101
U+1EAD=1139,87,1491,1052,1802
U+1EAE=1366,4,1835,1358,1835
U+1EAF=1139,87,1776,1052,1796
U+1EB0=1366,4,1835,1358,1835
U+1EB1=1139,87,1776,1052,1796
U+1EB2=1366,4,1835,1358,1835
U+1EB3=1139,87,1835,1052,1855
U+1EB4=1366,4,1835,1358,1835
U+1EB5=1139,87,1775,1052,1795
U+1EB6=1366,4,1779,1358,2090
U+1EB7=1139,87,1510,1052,1821
U+1EB8=1366,168,1409,1110,1720
U+1EB9=1139,87,1102,961,1413
U+1EBA=1366,168,1835,1110,1835
U+1EBB=1139,87,1526,961,1546
U+1EBC=1366,168,1798,1110,1798
U+1EBD=1139,87,1469,961,1489
U+1EBE=1366,168,1835,1110,1835
U+1EBF=1139,87,1574,1023,1594
U+1EC0=1366,168,1835,1110,1835
U+1EC1=1139,49,1574,999,1594
U+1EC2=1366,168,1835,1110,1835
U+1EC3=1139,87,1653,964,1673
U+1EC4=1366,168,1835,1110,1835
U+1EC5=1139,87,1775,961,1795
U+1EC6=1366,168,1790,1110,2101
U+1EC7=1139,87,1491,961,1802
U+1EC8=569,81,1835,433,1835
U+1EC9=455,10,1547,433,1547
U+1ECA=569,188,1409,192,1720
U+1ECB=455,137,1484,180,1795
U+1ECC=1593,97,1430,1398,1741
U+1ECD=1139,86,1102,967,1413
U+1ECE=1593,97,1835,1398,1855
U+1ECF=1139,86,1547,967,1567
U+1ED0=1593,97,1835,1398,1855
U+1ED1=1139,86,1574,1012,1594
U+1ED2=1593,97,1835,1398,1855
U+1ED3=1139,37,1574,1016,1594
U+1ED4=1593,97,1835,1398,1855
U+1ED5=1139,86,1653,967,1673
U+1ED6=1593,97,1835,1398,1855
U+1ED7=1139,86,1775,967,1795
U+1ED8=1593,97,1795,1398,2106
U+1ED9=1139,86,1491,967,1802
U+1EDA=1756,97,1776,1612,1796
U+1EDB=1343,86,1508,1197,1528
U+1EDC=1756,97,1776,1612,1796
U+1EDD=1343,86,1508,1197,1528
U+1EDE=1756,97,1835,1612,1855
U+1EDF=1343,86,1547,1197,1567
U+1EE0=1756,97,1798,1612,1818
U+1EE1=1343,86,1469,1197,1489
U+1EE2=1756,97,1430,1612,1741
U+1EE3=1343,86,1102,1197,1413
U+1EE4=1479,158,1409,1163,1720
U+1EE5=1139,133,1082,870,1393
U+1EE6=1479,158,1835,1163,1855
U+1EE7=1139,133,1547,870,1567
U+1EE8=1749,158,1776,1506,1796
U+1EE9=1371,133,1508,1175,1528
U+1EEA=1749,158,1776,1506,1796
U+1EEB=1371,133,1508,1175,1528
U+1EEC=1749,158,1835,1506,1855
U+1EED=1371,133,1547,1175,1567
U+1EEE=1749,158,1798,1506,1818
U+1EEF=1371,133,1469,1175,1489
U+1EF0=1749,158,1409,1506,1720
U+1EF1=1371,133,1082,1175,1393
U+1EF2=1366,45,1776,1276,1776
U+1EF3=1024,5,1508,1015,1933
U+1EF4=1366,45,1409,1276,1720
U+1EF5=1024,5,1082,1015,1507
U+1EF6=1366,45,1835,1276,1835
U+1EF7=1024,5,1547,1015,1972
U+1EF8=1366,45,1798,1276,1798
U+1EF9=1024,5,1469,1015,1894
U+1F00=1184,86,1584,1039,1604
U+1F01=1184,86,1584,1039,1604
U+1F02=1184,86,1584,1039,1604
U+1F03=1184,86,1584,1039,1604
U+1F04=1184,86,1584,1039,1604
U+1F05=1184,86,1584,1039,1604
U+1F06=1184,86,1836,1039,1856
U+1F07=1184,86,1826,1039,1846
U+1F08=1366,4,1484,1358,1484
U+1F09=1366,4,1484,1358,1484
U+1F0A=1666,42,1484,1620,1484
U+1F0B=1666,42,1484,1620,1484
U+1F0C=1666,42,1484,1620,1484
U+1F0D=1666,42,1484,1620,1484
U+1F0E=1666,63,1766,1599,1766
U+1F0F=1666,63,1766,1599,1766
U+1F10=913,70,1584,804,1604
U+1F11=913,70,1584,804,1604
U+1F12=913,70,1584,804,1604
U+1F13=913,70,1584,804,1604
U+1F14=913,70,1584,804,1604
U+1F15=913,70,1584,804,1604
U+1F18=1566,15,1484,1463,1484
U+1F19=1566,8,1484,1470,1484
U+1F1A=1900,24,1484,1854,1484
U+1F1B=1900,24,1484,1854,1484
U+1F1C=1900,24,1484,1854,1484
U+1F1D=1900,24,1484,1854,1484
U+1F20=1139,106,1584,900,2008
U+1F21=1139,106,1584,900,2008
U+1F22=1139,106,1584,900,2008
U+1F23=1139,106,1584,900,2008
U+1F24=1139,106,1584,900,2008
U+1F25=1139,106,1584,900,2008
U+1F26=1139,106,1826,900,2250
U+1F27=1139,106,1826,900,2250
U+1F28=1679,15,1484,1497,1484
U+1F29=1679,8,1484,1504,1484
U+1F2A=2079,24,1484,1888,1484
U+1F2B=2079,42,1484,1870,1484
U+1F2C=2079,24,1484,1888,1484
U+1F2D=2079,24,1484,1888,1484
U+1F2E=2079,-6,1766,1918,1766
U+1F2F=2079,-6,1766,1918,1766
U+1F30=455,137,1584,260,1584
U+1F31=455,137,1584,260,1584
U+1F32=455,-77,1584,580,1584
U+1F33=455,-77,1584,580,1584
U+1F34=455,3,1584,590,1584
U+1F35=455,3,1584,590,1584
U+1F36=455,-116,1866,717,1866
U+1F37=455,-116,1866,717,1866
U+1F38=769,15,1484,565,1484
U+1F39=769,8,1484,572,1484
U+1F3A=1169,24,1484,956,1484
U+1F3B=1169,24,1484,956,1484
U+1F3C=1169,24,1484,956,1484
U+1F3D=1169,24,1484,956,1484
U+1F3E=1169,-6,1766,986,1766
U+1F3F=1169,-6,1766,986,1766
U+1F40=1139,86,1584,967,1604
U+1F41=1139,86,1584,967,1604
U+1F42=1139,86,1584,967,1604
U+1F43=1139,86,1584,967,1604
U+1F44=1139,86,1584,967,1604
U+1F45=1139,86,1584,967,1604
U+1F48=1693,15,1484,1580,1504
U+1F49=1693,8,1484,1587,1504
U+1F4A=2093,24,1484,1971,1504
U+1F4B=2093,24,1484,1971,1504
U+1F4C=1993,24,1484,1871,1504
U+1F4D=1993,24,1484,1871,1504
U+1F50=1120,133,1584,889,1604
U+1F51=1120,133,1584,889,1604
U+1F52=1120,133,1584,889,1604
U+1F53=1120,133,1584,889,1604
U+1F54=1120,133,1584,889,1604
U+1F55=1120,133,1584,889,1604
U+1F56=1120,133,1826,889,1846
U+1F57=1120,133,1826,889,1846
U+1F59=1666,8,1484,1613,1484
U+1F5B=1966,24,1484,1897,1484
U+1F5D=2066,24,1484,1997,1484
U+1F5F=1966,-17,1766,1938,1766
U+1F60=1599,83,1584,1432,1604
U+1F61=1599,83,1584,1432,1604
U+1F62=1599,83,1584,1432,1604
U+1F63=1599,83,1584,1432,1604
U+1F64=1599,83,1584,1432,1604
U+1F65=1599,83,1584,1432,1604
U+1F66=1599,83,1866,1432,1886
U+1F67=1599,83,1866,1432,1886
U+1F68=1631,15,1484,1528,1484
U+1F69=1631,8,1484,1535,1484
U+1F6A=2031,24,1484,1919,1484
U+1F6B=2031,24,1484,1919,1484
U+1F6C=1931,24,1484,1819,1484
U+1F6D=1931,24,1484,1819,1484
U+1F6E=1931,-23,1766,1866,1766
U+1F6F=1931,-23,1766,1866,1766
U+1F70=1184,86,1543,1039,1563
U+1F71=1184,86,1543,1039,1563
U+1F72=913,70,1543,804,1563
U+1F73=913,70,1543,804,1563
U+1F74=1139,106,1543,900,1967
U+1F75=1139,106,1543,900,1967
U+1F76=455,16,1543,381,1543
U+1F77=455,137,1543,280,1543
U+1F78=1139,86,1543,967,1563
U+1F79=1139,86,1543,967,1563
U+1F7A=1120,133,1543,889,1563
U+1F7B=1120,133,1543,889,1563
U+1F7C=1599,83,1543,1432,1563
U+1F7D=1599,83,1543,1432,1563
U+1F80=1184,86,1584,1039,2009
U+1F81=1184,86,1584,1039,2009
U+1F82=1184,86,1584,1039,2009
U+1F83=1184,86,1584,1039,2009
U+1F84=1184,86,1584,1039,2009
U+1F85=1184,86,1584,1039,2009
U+1F86=1184,86,1826,1039,2251
U+1F87=1184,86,1826,1039,2251
U+1F88=1366,4,1484,1358,1909
U+1F89=1366,4,1484,1358,1909
U+1F8A=1666,42,1484,1620,1909
U+1F8B=1666,42,1484,1620,1909
U+1F8C=1666,42,1484,1620,1909
U+1F8D=1666,42,1484,1620,1909
U+1F8E=1666,63,1766,1599,2191
U+1F8F=1666,63,1766,1599,2191
U+1F90=1139,106,1584,900,2009
U+1F91=1139,106,1584,900,2009
U+1F92=1139,106,1584,900,2009
U+1F93=1139,106,1584,900,2009
U+1F94=1139,106,1584,900,2009
U+1F95=1139,106,1584,900,2009
U+1F96=1139,106,1866,900,2291
U+1F97=1139,106,1866,900,2291
U+1F98=1679,15,1484,1497,1909
U+1F99=1679,8,1484,1504,1909
U+1F9A=2079,24,1484,1888,1909
U+1F9B=2079,24,1484,1888,1909
U+1F9C=2079,24,1484,1888,1909
U+1F9D=2079,24,1484,1888,1909
U+1F9E=2079,-35,1766,1947,2191
U+1F9F=2079,-35,1766,1947,2191
U+1FA0=1599,83,1584,1432,2009
U+1FA1=1599,83,1584,1432,2009
U+1FA2=1599,83,1584,1432,2009
U+1FA3=1599,83,1584,1432,2009
U+1FA4=1599,83,1584,1432,2009
U+1FA5=1599,83,1584,1432,2009
U+1FA6=1599,83,1826,1432,2251
U+1FA7=1599,83,1826,1432,2251
U+1FA8=1631,15,1484,1528,1909
U+1FA9=1631,8,1484,1535,1909
U+1FAA=2031,24,1484,1919,1909
U+1FAB=2031,24,1484,1919,1909
U+1FAC=1931,24,1484,1819,1909
U+1FAD=1931,24,1484,1819,1909
U+1FAE=1931,-23,1766,1866,2191
U+1FAF=1931,-23,1766,1866,2191
U+1FB0=1184,86,1510,1039,1530
U+1FB1=1184,86,1363,1039,1383
U+1FB2=1184,86,1543,1039,1968
U+1FB3=1184,86,1102,1039,1527
U+1FB4=1184,86,1543,1039,1968
U+1FB6=1184,86,1469,1039,1489
U+1FB7=1184,86,1469,1039,1894
U+1FB8=1366,4,1779,1358,1779
U+1FB9=1366,4,1692,1358,1692
U+1FBA=1366,4,1543,1358,1543
U+1FBB=1366,4,1543,1358,1543
U+1FBC=1366,4,1409,1358,1834
U+1FBD=682,243,1484,203,327
U+1FBE=682,276,-127,224,298
U+1FBF=682,243,1484,203,327
U+1FC0=682,-23,1469,717,268
U+1FC1=682,17,1728,650,509
U+1FC2=1139,106,1543,900,1968
U+1FC3=1139,106,1102,900,1527
U+1FC4=1139,106,1543,900,1968
U+1FC6=1139,106,1469,900,1893
U+1FC7=1139,106,1469,900,1894
U+1FC8=1666,34,1543,1544,1543
U+1FC9=1666,66,1543,1512,1543
U+1FCA=1779,34,1543,1578,1543
U+1FCB=1779,66,1543,1546,1543
U+1FCC=1479,168,1409,1144,1834
U+1FCD=682,42,1484,580,327
U+1FCE=682,42,1484,590,327
U+1FCF=682,-17,1766,717,619
U+1FD0=455,-106,1510,666,1510
U+1FD1=455,-49,1363,549,1363
U+1FD2=455,-55,1783,557,1783
U+1FD3=455,-56,1783,557,1783
U+1FD6=455,-137,1469,717,1469
U+1FD7=455,-94,1728,650,1728
U+1FD8=569,-54,1872,666,1872
U+1FD9=569,12,1697,549,1697
U+1FDA=869,32,1543,648,1543
U+1FDB=869,87,1543,593,1543
U+1FDD=682,42,1484,580,327
U+1FDE=682,42,1484,590,327
U+1FDF=682,-17,1766,717,619
U+1FE0=1120,133,1510,889,1530
U+1FE1=1120,133,1363,889,1383
U+1FE2=1120,133,1783,889,1803
U+1FE3=1120,133,1783,889,1803
U+1FE4=1165,132,1584,951,2009
U+1FE5=1165,132,1584,951,2009
U+1FE6=1120,133,1469,889,1489
U+1FE7=1120,133,1728,889,1748
U+1FE8=1366,45,1779,1276,1779
U+1FE9=1366,45,1692,1276,1692
U+1FEA=1766,75,1543,1646,1543
U+1FEB=1816,122,1543,1649,1543
U+1FEC=1566,8,1484,1450,1484
U+1FED=682,-22,1507,727,275
U+1FEE=682,-22,1507,727,275
U+1FEF=682,203,1543,276,325
U+1FF2=1599,83,1543,1432,1968
U+1FF3=1599,83,1103,1432,1528
U+1FF4=1599,83,1543,1432,1968
U+1FF6=1599,83,1469,1432,1489
U+1FF7=1599,83,1469,1432,1894
U+1FF8=1893,92,1543,1703,1563
U+1FF9=1693,-23,1543,1618,1563
U+1FFA=1831,92,1543,1651,1543
U+1FFB=1631,47,1543,1496,1543
U+1FFC=1531,87,1430,1356,1855
U+1FFD=682,243,1474,337,279
U+1FFE=682,236,1484,203,327
U+2000=1024,0,0,0,0
U+2001=2048,0,0,0,0
U+2002=1024,0,0,0,0
U+2003=2048,0,0,0,0
U+2004=683,0,0,0,0
U+2005=512,0,0,0,0
U+2006=341,0,0,0,0
U+2007=1139,0,0,0,0
U+2008=569,0,0,0,0
U+2009=410,0,0,0,0
U+200A=171,0,0,0,0
U+200B=0,0,0,0,0
U+200C=0,-42,1287,84,1560
U+200D=0,-224,1414,448,1687
U+200E=0,-41,1414,476,1687
U+200F=0,-436,1414,476,1687
U+2010=682,91,624,500,160
U+2012=1139,0,588,1138,137
U+2013=1139,0,588,1138,137
U+2014=2048,0,588,2048,137
U+2015=2048,0,588,2048,137
U+2016=846,179,1484,488,1484
U+2017=1131,-31,-87,1193,347
U+2018=455,127,1409,201,457
U+2019=455,127,1409,201,457
U+201A=455,127,195,201,457
U+201B=455,126,1409,201,457
U+201C=682,75,1409,532,457
U+201D=682,75,1409,532,457
U+201E=682,75,195,532,457
U+201F=682,72,1409,510,457
U+2020=1139,138,1484,864,1622
U+2021=1139,136,1484,865,1625
U+2022=717,81,956,555,555
U+2026=2048,278,219,1492,219
U+202A=0,-41,1233,476,1506
U+202B=0,-435,1233,476,1506
U+202C=0,-238,1411,476,1684
U+202D=0,-238,1411,476,1684
U+202E=0,-238,1411,476,1684
U+202F=410,0,0,0,0
U+2030=2048,55,1421,1937,1432
U+2032=384,85,1409,260,519
U+2033=725,85,1409,602,519
U+2034=725,-92,1409,815,519
U+2039=682,88,940,505,799
U+203A=682,89,940,505,799
U+203C=1024,185,1409,654,1409
U+203E=682,-64,1620,811,117
U+2044=342,-416,1409,1026,1409
U+205E=569,187,1484,195,1484
U+206A=0,-238,1411,476,1684
U+206B=0,-238,1411,476,1684
U+206C=0,-240,1411,480,1684
U+206D=0,-240,1418,480,1691
U+206E=0,-239,1414,478,1687
U+206F=0,-238,1411,476,1684
U+2074=880,124,1337,654,812
U+2075=849,108,1336,615,822
U+2076=843,123,1349,599,835
U+2077=741,68,1336,590,811
U+2078=864,134,1348,608,834
U+2079=877,139,1349,599,835
U+207F=747,101,1181,542,662
U+2080=850,118,649,620,835
U+2081=691,78,637,560,812
U+2082=795,102,648,591,823
U+2083=834,102,648,615,834
U+2084=836,103,637,654,812
U+2085=825,103,636,615,822
U+2086=826,116,649,599,835
U+2087=704,42,636,590,811
U+2088=849,122,648,608,834
U+2089=812,102,649,600,835
U+2090=762,61,638,716,791
U+2091=761,54,641,654,791
U+2092=773,59,640,657,791
U+2093=672,4,627,665,763
U+2094=761,54,640,654,791
U+20A0=1139,14,1492,1113,1492
U+20A1=1479,104,1544,1297,1657
U+20A2=1479,104,1430,1297,1450
U+20A3=1139,4,1409,1066,1409
U+20A4=1139,58,1430,1046,1430
U+20A5=1706,136,1344,1435,1544
U+20A6=1479,25,1409,1429,1409
U+20A7=2240,158,1409,1993,1429
U+20A8=2384,168,1409,2143,1429
U+20A9=1933,19,1409,1897,1409
U+20AA=1739,180,1227,1379,1227
U+20AB=1051,161,1484,733,1251
U+20AC=1139,16,1430,1094,1450
U+20AD=1366,31,1409,1312,1409
U+20AE=1251,46,1409,1158,1409
U+20AF=2048,41,1651,1989,2058
U+20B0=1067,5,1484,1027,1909
U+20B1=1366,25,1409,1320,1409
U+20B2=1593,103,1571,1337,1783
U+20B3=1366,0,1409,1367,1409
U+20B4=1139,15,1494,1110,1514
U+20B5=1479,104,1568,1297,1780
U+20BF=1516,148,1639,1260,1879
U+20F0=0,-357,1696,732,719
U+2105=1813,69,1420,1675,1432
U+2113=662,19,1429,619,1449
U+2116=2197,188,1409,1906,1409
U+2117=1509,31,1430,1446,1446
U+2122=2048,188,1409,1629,775
U+2126=1573,108,1430,1356,1430
U+212E=1229,88,1096,1060,1130
U+214D=1931,8,1513,1882,1570
U+214E=1003,96,1082,767,1082
U+2153=1708,80,1409,1579,1421
U+2154=1708,34,1421,1635,1433
U+215B=1708,80,1409,1634,1457
U+215C=1708,61,1421,1653,1469
U+215D=1708,148,1409,1566,1457
U+215E=1708,170,1409,1544,1457
U+2184=1024,59,1102,883,1122
U+2190=2048,418,580,1212,480
U+2191=1024,272,1151,480,1212
U+2192=2048,418,580,1212,480
U+2193=1024,272,1151,480,1212
U+2194=2048,418,580,1212,480
U+2195=1024,272,1151,480,1212
U+21A8=1024,272,1151,480,1335
U+21D4=2048,418,720,1212,480
U+2202=1012,56,1477,898,1504
U+2206=1253,4,1409,1245,1409
U+220F=1686,235,1409,1217,1843
U+2211=1460,154,1409,1174,1843
U+2212=1196,101,754,995,146
U+2215=342,-416,1409,1026,1409
U+2219=569,187,666,195,220
U+221A=1124,51,1620,1071,1634
U+221E=1460,87,983,1286,780
U+221F=2005,408,1223,1224,1223
U+2229=1472,278,1032,916,1034
U+222B=561,-98,1507,758,1941
U+2248=1124,56,1012,1012,676
U+2260=1124,65,1296,995,1241
U+2261=1195,100,1104,995,860
U+2262=2048,100,1397,995,1432
U+2264=1124,63,1231,997,1231
U+2265=1124,65,1231,995,1231
U+2302=1237,157,1153,922,1153
U+2310=1196,100,754,995,574
U+2320=1237,546,1706,432,2320
U+2321=1237,261,1706,432,2320
U+2500=1451,-10,694,1471,145
U+2502=1280,472,1864,145,2485
U+250C=1451,653,694,808,1315
U+2510=1451,-10,694,808,1315
U+2514=1451,653,1864,808,1315
U+2518=1451,-10,1864,808,1315
U+251C=1451,653,1864,808,2485
U+2524=1451,-10,1864,808,2485
U+252C=1451,-10,694,1471,1315
U+2534=1451,-10,1864,1471,1315
U+253C=1451,-10,1864,1471,2485
U+2550=1451,-10,874,1471,505
U+2551=1451,473,1864,505,2485
U+2552=1451,653,874,808,1495
U+2553=1451,473,694,988,1315
U+2554=1451,473,874,988,1495
U+2555=1451,-10,874,808,1495
U+2556=1451,-10,694,988,1315
U+2557=1451,-10,874,988,1495
U+2558=1451,653,1864,808,1495
U+2559=1451,473,1864,988,1315
U+255A=1451,473,1864,988,1495
U+255B=1451,-10,1864,808,1495
U+255C=1451,-10,1864,988,1315
U+255D=1451,-10,1864,988,1495
U+255E=1451,653,1864,808,2485
U+255F=1451,473,1864,988,2485
U+2560=1451,473,1864,988,2485
U+2561=1451,-10,1864,808,2485
U+2562=1451,-10,1864,988,2485
U+2563=1451,-10,1864,988,2485
U+2564=1451,-10,874,1471,1495
U+2565=1451,-10,694,1471,1315
U+2566=1451,-10,874,1471,1495
U+2567=1451,-10,1864,1471,1495
U+2568=1451,-10,1864,1471,1315
U+2569=1451,-10,1864,1471,1495
U+256A=1451,-10,1864,1471,2485
U+256B=1451,-10,1864,1471,2485
U+256C=1451,-10,1864,1471,2485
U+2580=1451,0,1864,1451,1243
U+2584=1451,0,621,1451,1242
U+2588=1451,0,1864,1451,2485
U+258C=1451,0,1864,726,2485
U+2590=1451,725,1864,726,2485
U+2591=1451,103,1699,1348,2222
U+2592=1451,0,1699,1451,2222
U+2593=1493,0,1699,1493,2320
U+25A0=1237,123,1108,991,991
U+25A1=1237,6,1225,1225,1225
U+25AA=726,109,891,508,508
U+25AB=726,109,891,508,508
U+25AC=2048,0,616,2048,616
U+25B2=2027,414,1198,1198,1198
U+25BA=2027,401,1196,1225,1223
U+25BC=2027,414,1171,1198,1198
U+25C4=2027,401,1196,1225,1223
U+25CA=1012,8,1440,998,1440
U+25CB=1237,167,1065,903,903
U+25CC=1217,98,1106,1021,1020
U+25CF=1237,178,1018,881,881
U+25D0=1237,178,1018,881,881
U+25D1=1237,178,1018,881,881
U+25D2=1237,178,1018,881,881
U+25D3=1237,178,1018,881,881
U+25D4=1237,178,1018,881,881
U+25D5=1237,178,1018,881,881
U+25D6=1237,408,1018,439,881
U+25D7=1237,409,1018,437,881
U+25D8=1237,41,1155,1155,1155
U+25D9=1237,41,1155,1155,1155
U+25E6=726,115,885,496,496
U+263A=2091,433,1196,1224,1223
U+263B=2155,465,1196,1224,1223
U+263C=1877,326,1083,1224,1224
U+263F=1536,474,1385,588,1305
U+2640=1536,474,1153,588,1073
U+2641=1536,474,1153,588,1073
U+2642=1536,337,1153,862,903
U+2643=1536,335,1150,866,1075
U+2644=1536,444,1188,648,1114
U+2645=1536,300,1222,936,1196
U+2646=1536,368,1152,800,1032
U+2647=1536,490,1156,556,1079
U+2660=1088,59,1231,970,1231
U+2663=1344,60,1223,1224,1223
U+2665=1216,102,1145,1012,1168
U+2666=1045,66,1223,912,1248
U+2669=2048,196,1155,369,1126
U+266A=1024,196,1153,631,1124
U+266B=1536,272,1159,991,1202
U+266C=2048,272,1159,991,1202
U+266F=1024,50,1484,924,1684
U+2C60=1139,25,1409,1046,1409
U+2C61=455,28,1484,400,1484
U+2C62=1139,-13,1409,1101,1409
U+2C63=1366,26,1409,1232,1409
U+2C64=1479,168,1409,1216,1834
U+2C65=1139,80,1484,1059,1908
U+2C66=569,-134,1484,986,1908
U+2C67=1479,168,1409,1283,1817
U+2C68=1139,142,1484,981,1892
U+2C69=1366,168,1409,1177,1817
U+2C6A=1024,138,1484,883,1892
U+2C6B=1251,65,1409,1122,1817
U+2C6C=1024,49,1082,901,1490
U+2C6D=1500,97,1430,1236,1450
U+2C71=1222,7,1102,1244,1102
U+2C72=2124,9,1430,2216,1430
U+2C73=1722,-3,1102,1769,1102
U+2C74=1024,45,1093,972,1093
U+2C75=1182,168,1409,953,1409
U+2C76=871,142,1082,667,1082
U+2C77=1328,85,1106,1157,1126
U+2E17=682,65,903,553,764
U+A717=0,-182,1484,362,534
U+A718=0,-77,1484,468,469
U+A719=0,-274,1484,548,365
U+A71A=0,-274,1484,548,365
U+A71B=1024,153,1910,719,879
U+A71C=1024,153,1910,719,879
U+A71D=569,176,1997,220,1063
U+A71E=569,176,1997,220,1063
U+A71F=569,176,1484,220,1063
U+A720=0,-352,1484,664,355
U+A721=0,-352,355,664,355
U+A788=682,28,-140,633,285
U+A789=569,187,1082,195,881
U+A78A=896,100,874,696,630
U+A78B=391,100,1484,185,883
U+A78C=391,100,1484,185,636
U+FB01=1024,29,1484,857,1484
U+FB02=1024,29,1484,858,1484
U+FB1D=532,174,1227,184,933
U+FB1E=0,-330,1763,660,317
U+FB1F=1042,174,1227,694,911
U+FB20=1192,41,1227,1049,1260
U+FB21=1286,66,1227,1194,1227
U+FB22=1135,41,1227,1038,1227
U+FB23=1298,152,1227,983,1227
U+FB24=1075,80,1227,883,1227
U+FB25=1085,70,1665,917,1710
U+FB26=1389,174,1227,1051,1227
U+FB27=1094,39,1227,891,1227
U+FB28=1415,61,1227,1190,1227
U+FB29=1151,90,1128,973,614
U+FB2A=1495,51,1606,1356,1616
U+FB2B=1495,51,1606,1356,1616
U+FB2C=1495,51,1606,1389,1616
U+FB2D=1495,51,1606,1356,1616
U+FB2E=1286,66,1227,1194,1458
U+FB2F=1286,66,1227,1194,1575
U+FB30=1286,66,1227,1194,1227
U+FB31=1225,82,1227,1071,1227
U+FB32=866,63,1227,750,1227
U+FB33=1135,41,1227,1038,1227
U+FB34=1298,152,1227,983,1227
U+FB35=532,-70,1227,428,1227
U+FB36=662,-53,1245,686,1245
U+FB38=1337,164,1247,1063,1267
U+FB39=532,-70,1227,428,645
U+FB3A=1094,39,1227,891,1612
U+FB3B=1075,80,1227,883,1227
U+FB3C=1085,70,1665,917,1710
U+FB3E=1407,55,1247,1188,1247
U+FB40=797,72,1227,561,1227
U+FB41=1343,51,1227,1180,1247
U+FB43=1276,133,1227,979,1612
U+FB44=1249,143,1227,994,1227
U+FB46=1116,10,1227,1018,1227
U+FB47=1208,123,1227,973,1612
U+FB48=1094,39,1227,891,1227
U+FB49=1495,51,1227,1356,1237
U+FB4A=1415,61,1227,1190,1227
U+FB4B=532,174,1606,184,1606
U+FB4C=1225,82,1579,1071,1579
U+FB4D=1075,80,1579,883,1579
U+FB4E=1249,143,1579,994,1579
U+FB4F=1286,80,1665,1180,1665
U+FE20=0,-791,1586,795,371
U+FE21=0,-3,1586,795,371
U+FE22=0,-772,1488,772,268
U+FE23=0,0,1488,773,268
U+FFFC=2048,0,1473,2048,1473