upem=1600
U+0020=400,0,0,0,0
U+0021=500,200,900,100,900
U+0022=700,200,900,300,300
U+0023=800,100,900,600,900
U+0024=700,100,1100,500,1300
U+0025=900,100,900,700,900
U+0026=700,100,900,500,900
U+0027=500,200,900,100,300
U+0028=700,300,900,300,900
U+0029=700,100,900,300,900
U+002A=700,100,900,500,500
U+002B=700,100,700,500,500
U+002C=500,100,100,200,300
U+002D=600,100,500,400,100
U+002E=500,200,100,100,100
U+002F=500,100,900,300,900
U+0030=700,100,900,500,900
U+0031=700,200,900,300,900
U+0032=700,100,900,500,900
U+0033=700,100,900,500,900
U+0034=700,100,900,500,900
U+0035=700,100,900,500,900
U+0036=700,100,900,500,900
U+0037=700,100,900,500,900
U+0038=700,100,900,500,900
U+0039=700,100,900,500,900
U+003A=500,200,700,100,700
U+003B=500,100,700,200,900
U+003C=500,100,700,300,500
U+003D=600,100,600,400,300
U+003E=500,100,700,300,500
U+003F=700,100,900,500,900
U+0040=900,100,900,700,900
U+0041=700,100,900,500,900
U+0042=700,100,900,500,900
U+0043=700,100,900,500,900
U+0044=700,100,900,500,900
U+0045=700,100,900,500,900
U+0046=700,100,900,500,900
U+0047=700,100,900,500,900
U+0048=700,100,900,500,900
U+0049=500,200,900,100,900
U+004A=700,100,900,500,900
U+004B=700,100,900,500,900
U+004C=700,100,900,500,900
U+004D=900,100,900,700,900
U+004E=700,100,900,500,900
U+004F=700,100,900,500,900
U+0050=700,100,900,500,900
U+0051=700,100,900,500,900
U+0052=700,100,900,500,900
U+0053=700,100,900,500,900
U+0054=700,100,900,500,900
U+0055=700,100,900,500,900
U+0056=700,100,900,500,900
U+0057=900,100,900,700,900
U+0058=700,100,900,500,900
U+0059=700,100,900,500,900
U+005A=700,100,900,500,900
U+005B=700,300,900,300,900
U+005C=500,100,900,300,900
U+005D=700,100,900,300,900
U+005E=700,100,900,500,300
U+005F=500,0,-100,500,100
U+0060=500,100,900,200,200
U+0061=700,100,700,500,700
U+0062=700,100,900,500,900
U+0063=700,100,700,500,700
U+0064=700,100,900,500,900
U+0065=700,100,700,500,700
U+0066=600,100,900,400,900
U+0067=700,100,700,500,900
U+0068=700,100,900,500,900
U+0069=500,200,900,100,900
U+006A=700,100,900,500,1100
U+006B=700,100,900,500,900
U+006C=500,200,900,200,900
U+006D=900,100,700,700,700
U+006E=700,100,700,500,700
U+006F=700,100,700,500,700
U+0070=700,100,700,500,900
U+0071=700,100,700,500,900
U+0072=700,100,700,500,700
U+0073=700,100,700,500,700
U+0074=600,100,800,400,800
U+0075=700,100,700,500,700
U+0076=700,100,700,500,700
U+0077=900,100,700,700,700
U+0078=700,100,700,500,700
U+0079=700,100,700,500,900
U+007A=700,100,700,500,700
U+007B=700,200,900,400,900
U+007C=500,200,900,100,900
U+007D=700,100,900,400,900
U+007E=800,100,900,600,200
U+00A0=400,0,0,0,0
U+00A1=500,200,700,100,900
U+00A2=700,100,900,500,1100
U+00A3=800,100,900,600,900
U+00A5=700,100,900,500,900
U+00A6=500,200,900,100,900
U+00A8=700,200,900,300,100
U+00A9=900,100,900,700,900
U+00AB=800,100,700,600,500
U+00AC=700,100,500,500,300
U+00AE=900,100,900,700,900
U+00B0=600,100,900,400,400
U+00B1=700,100,700,500,700
U+00B4=500,200,900,200,200
U+00B5=700,100,700,500,900
U+00B6=900,100,900,700,900
U+00B7=500,200,500,100,100
U+00B8=500,100,0,300,300
U+00BB=800,100,700,600,500
U+00BF=700,100,700,500,900
U+00C0=700,100,1200,500,1200
U+00C1=700,100,1200,500,1200
U+00C2=700,100,1200,500,1200
U+00C3=700,100,1200,600,1200
U+00C4=700,100,1100,500,1100
U+00C5=700,100,1300,500,1300
U+00C6=1100,100,900,900,900
U+00C7=700,100,900,500,1200
U+00C8=700,100,1200,500,1200
U+00C9=700,100,1200,500,1200
U+00CA=700,100,1200,500,1200
U+00CB=700,100,1100,500,1100
U+00CC=500,100,1200,200,1200
U+00CD=500,200,1200,200,1200
U+00CE=500,100,1200,300,1200
U+00CF=500,100,1100,300,1100
U+00D0=700,0,900,600,900
U+00D1=700,100,1200,600,1200
U+00D2=700,100,1200,500,1200
U+00D3=700,100,1200,500,1200
U+00D4=700,100,1200,500,1200
U+00D5=700,100,1200,600,1200
U+00D6=700,100,1100,500,1100
U+00D7=700,100,700,500,500
U+00D8=700,0,900,700,900
U+00D9=700,100,1200,500,1200
U+00DA=700,100,1200,500,1200
U+00DB=700,100,1200,500,1200
U+00DC=700,100,1100,500,1100
U+00DD=700,100,1200,500,1200
U+00DE=700,100,900,500,900
U+00DF=700,100,900,500,900
U+00E0=700,100,1000,500,1000
U+00E1=700,100,1000,500,1000
U+00E2=700,100,1000,500,1000
U+00E3=700,100,1000,600,1000
U+00E4=700,100,900,500,900
U+00E5=700,100,1100,500,1100
U+00E6=1100,100,700,900,700
U+00E7=700,100,700,500,1000
U+00E8=700,100,1000,500,1000
U+00E9=700,100,1000,500,1000
U+00EA=700,100,1000,500,1000
U+00EB=700,100,900,500,900
U+00EC=500,100,1000,200,1000
U+00ED=500,200,1000,200,1000
U+00EE=500,100,1000,300,1000
U+00EF=500,100,900,300,900
U+00F0=700,100,900,600,900
U+00F1=700,100,1000,600,1000
U+00F2=700,100,1000,500,1000
U+00F3=700,100,1000,500,1000
U+00F4=700,100,1000,500,1000
U+00F5=700,100,1000,600,1000
U+00F6=700,100,900,500,900
U+00F7=700,100,700,500,500
U+00F8=700,0,700,700,700
U+00F9=700,100,1000,500,1000
U+00FA=700,100,1000,500,1000
U+00FB=700,100,1000,500,1000
U+00FC=700,100,900,500,900
U+00FD=700,100,1000,500,1200
U+00FE=700,100,900,500,1100
U+00FF=700,100,900,500,1100
U+0108=700,100,1200,500,1200
U+0109=700,100,1000,500,1000
U+010C=700,100,1200,500,1200
U+010D=700,100,1000,500,1000
U+010E=700,100,1200,500,1200
U+010F=1200,100,900,900,900
U+011A=700,100,1200,500,1200
U+011B=700,100,1000,500,1000
U+011C=700,100,1200,500,1200
U+011D=700,100,1000,500,1200
U+0124=700,100,1200,500,1200
U+0125=700,100,1200,500,1200
U+0131=500,200,700,100,700
U+0134=700,100,1200,500,1200
U+0135=700,100,1000,500,1200
U+0147=700,100,1200,500,1200
U+0148=700,100,1000,500,1000
U+0152=1100,100,900,900,900
U+0153=1100,100,700,900,700
U+0158=700,100,1200,500,1200
U+0159=700,100,1000,500,1000
U+015C=700,100,1200,500,1200
U+015D=700,100,1000,500,1000
U+0160=700,100,1200,500,1200
U+0161=700,100,1000,500,1000
U+0164=700,100,1200,500,1200
U+0165=1100,100,900,800,900
U+016C=700,100,1200,500,1200
U+016D=700,100,1000,500,1000
U+016E=700,100,1300,500,1300
U+016F=700,100,1100,500,1100
U+0178=700,100,1100,500,1100
U+017D=700,100,1200,500,1200
U+017E=700,100,1000,500,1000
U+02C6=700,200,900,300,200
U+02C7=700,200,900,300,200
U+02D8=700,100,900,500,200
U+02DA=500,100,1000,300,300
U+02DC=800,100,900,600,200
U+0401=700,100,1100,500,1100
U+0410=700,100,900,500,900
U+0411=700,100,900,500,900
U+0412=700,100,900,500,900
U+0413=700,100,900,500,900
U+0414=700,100,900,500,900
U+0415=700,100,900,500,900
U+0416=900,100,900,700,900
U+0417=700,100,900,500,900
U+0418=700,100,900,500,900
U+0419=700,100,1100,500,1100
U+041A=700,100,900,500,900
U+041B=700,100,900,500,900
U+041C=900,100,900,700,900
U+041D=700,100,900,500,900
U+041E=700,100,900,500,900
U+041F=700,100,900,500,900
U+0420=700,100,900,500,900
U+0421=700,100,900,500,900
U+0422=700,100,900,500,900
U+0423=700,100,900,500,900
U+0424=700,100,900,500,900
U+0425=700,100,900,500,900
U+0426=800,100,900,600,1000
U+0427=700,100,900,500,900
U+0428=900,100,900,700,900
U+0429=1000,100,900,800,1000
U+042A=700,100,900,500,900
U+042B=900,100,900,700,900
U+042C=700,100,900,500,900
U+042D=700,100,900,500,900
U+042E=1100,100,900,900,900
U+042F=700,100,900,500,900
U+0430=700,100,700,500,700
U+0431=700,100,900,500,900
U+0432=700,100,700,500,700
U+0433=700,100,700,500,700
U+0434=700,100,700,500,700
U+0435=700,100,700,500,700
U+0436=900,100,700,700,700
U+0437=700,100,700,500,700
U+0438=700,100,700,500,700
U+0439=700,100,900,500,900
U+043A=700,100,700,500,700
U+043B=700,100,700,500,700
U+043C=900,100,700,700,700
U+043D=700,100,700,500,700
U+043E=700,100,700,500,700
U+043F=700,100,700,500,700
U+0440=700,100,700,500,900
U+0441=700,100,700,500,700
U+0442=700,100,700,500,700
U+0443=700,100,700,500,900
U+0444=700,100,900,500,1100
U+0445=700,100,700,500,700
U+0446=800,100,700,600,800
U+0447=700,100,700,500,700
U+0448=900,100,700,700,700
U+0449=1000,100,700,800,800
U+044A=700,100,700,500,700
U+044B=900,100,700,700,700
U+044C=700,100,700,500,700
U+044D=700,100,700,500,700
U+044E=1000,100,700,800,700
U+044F=700,100,700,500,700
U+0451=700,100,900,500,900
U+2013=600,100,500,400,100
U+2014=800,100,500,600,100
U+2018=500,200,900,200,300
U+2019=500,100,900,200,300
U+201A=500,100,100,200,300
U+201C=700,200,900,400,300
U+201D=700,100,900,400,300
U+201E=700,100,100,400,300
U+2020=700,100,900,500,900
U+2021=700,100,900,500,900
U+2022=600,200,500,200,200
U+2026=900,100,100,700,100
U+2030=1300,100,900,1100,900
U+2039=700,300,700,300,500
U+203A=700,100,700,300,500
U+20AC=800,100,900,600,900
U+20B1=900,100,900,700,900
U+20B7=900,0,900,800,1000
U+2116=1200,100,900,1000,900
U+2117=900,100,900,700,900
U+2122=1100,100,1100,900,600