upem=2048
U+0020=438,0,0,0,0
U+0021=441,0,1462,292,1462
U+0022=734,0,1462,585,585
U+0023=1612,0,1462,1462,1462
U+0024=1026,0,1755,877,2047
U+0025=1612,0,1462,1462,1462
U+0026=1319,0,1462,1170,1462
U+0027=441,0,1462,292,585
U+0028=734,0,1462,585,1462
U+0029=734,0,1462,585,1462
U+002A=441,0,1462,292,292
U+002B=1026,0,1170,877,878
U+002C=441,0,292,292,584
U+002D=1026,0,877,877,292
U+002E=441,0,292,292,292
U+002F=1904,0,1462,1755,1462
U+0030=1026,0,1462,877,1462
U+0031=734,0,1462,438,1462
U+0032=1026,0,1462,877,1462
U+0033=1026,0,1462,877,1462
U+0034=1319,0,1462,1024,1462
U+0035=1026,0,1462,877,1462
U+0036=1026,0,1462,877,1462
U+0037=1026,0,1462,877,1462
U+0038=1026,0,1462,877,1462
U+0039=1026,0,1462,877,1462
U+003A=441,0,1170,292,878
U+003B=441,0,1170,292,1170
U+003C=1026,0,1170,877,1170
U+003D=1026,0,877,877,585
U+003E=1026,0,1170,877,1170
U+003F=1026,0,1462,877,1462
U+0040=1319,292,1170,878,878
U+0041=1026,0,1462,877,1462
U+0042=1026,0,1462,877,1462
U+0043=1026,0,1462,877,1462
U+0044=1026,0,1462,877,1462
U+0045=1026,0,1462,877,1462
U+0046=1026,0,1462,877,1462
U+0047=1026,0,1462,877,1462
U+0048=1026,0,1462,877,1462
U+0049=734,0,1462,585,1462
U+004A=1026,0,1462,877,1462
U+004B=1026,0,1462,877,1462
U+004C=1026,0,1462,877,1462
U+004D=1612,0,1462,1462,1462
U+004E=1026,0,1462,877,1462
U+004F=1026,0,1462,877,1462
U+0050=1026,0,1462,877,1462
U+0051=1026,0,1462,877,1754
U+0052=1026,0,1462,877,1462
U+0053=1026,0,1462,877,1462
U+0054=1026,0,1462,877,1462
U+0055=1026,0,1462,877,1462
U+0056=1026,0,1462,877,1462
U+0057=1612,0,1462,1462,1462
U+0058=1026,0,1462,877,1462
U+0059=1026,0,1462,877,1462
U+005A=1026,0,1462,877,1462
U+005B=734,0,1462,585,1462
U+005C=1904,0,1462,1755,1462
U+005D=734,0,1462,585,1462
U+005E=1319,0,1462,1170,585
U+005F=1026,0,438,877,146
U+0060=441,0,1462,292,585
U+0061=1026,0,877,877,877
U+0062=1026,0,1462,877,1462
U+0063=1026,0,877,877,877
U+0064=1026,0,1462,877,1462
U+0065=1026,0,877,877,877
U+0066=1026,146,1462,585,1462
U+0067=1026,0,877,877,1462
U+0068=1026,0,1462,877,1462
U+0069=441,0,1462,292,1462
U+006A=441,-146,1462,438,2047
U+006B=1026,0,1462,877,1462
U+006C=441,0,1462,292,1462
U+006D=1612,0,877,1462,877
U+006E=1026,0,877,877,877
U+006F=1026,0,877,877,877
U+0070=1026,0,877,877,1462
U+0071=1026,0,877,877,1462
U+0072=734,0,877,585,877
U+0073=1026,0,877,877,877
U+0074=734,0,1462,585,1462
U+0075=1026,0,877,877,877
U+0076=1026,0,877,877,877
U+0077=1612,0,877,1462,877
U+0078=1026,0,877,877,877
U+0079=1026,0,877,877,1462
U+007A=1026,0,877,877,877
U+007B=1026,0,1462,877,1462
U+007C=441,-292,1462,438,1462
U+007D=1026,0,1462,877,1462
U+007E=1026,0,1462,731,292
U+00AB=863,0,772,645,667
U+00BB=863,0,772,645,667
U+0401=1026,0,1827,877,1827
U+0410=1026,0,1462,877,1462
U+0411=1026,0,1462,877,1462
U+0412=1026,0,1462,877,1462
U+0413=1026,0,1462,877,1462
U+0414=1026,0,1462,877,1608
U+0415=1026,0,1462,877,1462
U+0416=1612,0,1462,1462,1462
U+0417=1026,0,1462,877,1462
U+0418=1026,0,1462,877,1462
U+0419=1026,0,1827,877,1827
U+041A=1026,0,1462,877,1462
U+041B=1026,0,1462,877,1462
U+041C=1612,0,1462,1462,1462
U+041D=1026,0,1462,877,1462
U+041E=1026,0,1462,877,1462
U+041F=1026,0,1462,877,1462
U+0420=1026,0,1462,877,1462
U+0421=1026,0,1462,877,1462
U+0422=1026,0,1462,877,1462
U+0423=1026,0,1462,877,1462
U+0424=1320,0,1462,1170,1462
U+0425=1026,0,1462,877,1462
U+0426=1172,0,1462,1023,1608
U+0427=1026,0,1462,877,1462
U+0428=1612,0,1462,1462,1462
U+0429=1758,0,1462,1608,1608
U+042A=1245,0,1462,1096,1462
U+042B=1464,0,1462,1315,1462
U+042C=1026,0,1462,877,1462
U+042D=1026,0,1462,877,1462
U+042E=1464,0,1462,1315,1462
U+042F=1026,0,1462,877,1462
U+0430=1026,0,877,877,877
U+0431=1113,-18,1421,983,1421
U+0432=1026,0,877,877,877
U+0433=1026,0,877,877,877
U+0434=1026,0,877,877,1023
U+0435=1026,0,877,877,877
U+0436=1612,0,877,1462,877
U+0437=1026,0,877,877,877
U+0438=1026,0,877,877,877
U+0439=1026,0,1242,877,1242
U+043A=1026,0,877,877,877
U+043B=1026,0,877,877,877
U+043C=1320,0,877,1170,877
U+043D=1026,0,877,877,877
U+043E=1026,0,877,877,877
U+043F=1026,0,877,877,877
U+0440=1026,0,877,877,1462
U+0441=1026,0,877,877,877
U+0442=1026,0,877,877,877
U+0443=1026,0,877,877,1462
U+0444=1320,0,1169,1170,1461
U+0445=1026,0,877,877,877
U+0446=1172,0,877,1023,1023
U+0447=1026,0,877,877,877
U+0448=1612,0,877,1462,877
U+0449=1758,0,877,1608,1023
U+044A=1245,0,877,950,877
U+044B=1464,0,877,1315,877
U+044C=1026,0,877,731,877
U+044D=1026,0,877,877,877
U+044E=1464,0,877,1315,877
U+044F=1026,0,877,877,877
U+0451=1026,0,1242,877,1242
U+2013=1846,0,877,1579,292
U+2014=2667,0,877,2280,292
U+2018=441,0,1755,292,585
U+2019=441,0,1462,292,585
U+201C=734,0,1755,585,585
U+201D=734,0,1462,585,585
U+2026=1323,0,292,1174,292
U+2116=1758,0,1462,1462,1462