upem=4096
U+0020=1489,0,0,0,0
U+0021=1303,372,2978,745,2978
U+0022=2420,372,2978,1862,1117
U+0023=4282,372,2978,3724,2978
U+0024=3165,372,3723,2606,4467
U+0025=3165,372,2978,2606,2978
U+0026=3537,372,2978,2979,2978
U+0027=1303,372,2978,745,1117
U+0028=2048,372,2978,1489,2978
U+0029=2048,372,2978,1489,2978
U+002A=3537,372,2606,2979,1862
U+002B=2792,372,2420,2234,1862
U+002C=1303,0,744,1117,1116
U+002D=2048,372,1675,1489,372
U+002E=1303,372,744,745,744
U+002F=3165,372,2978,2606,2978
U+0030=3165,372,2978,2606,2978
U+0031=2048,372,2978,1489,2978
U+0032=3165,372,2978,2606,2978
U+0033=3165,372,2978,2606,2978
U+0034=3165,372,2978,2606,2978
U+0035=3165,372,2978,2606,2978
U+0036=3165,372,2978,2606,2978
U+0037=3165,372,2978,2606,2978
U+0038=3165,372,2978,2606,2978
U+0039=3165,372,2978,2606,2978
U+003A=1303,372,2234,745,2234
U+003B=1303,0,2234,1117,2606
U+003C=2420,372,2606,1862,2606
U+003D=2420,372,1861,1862,1117
U+003E=2420,372,2606,1862,2606
U+003F=3165,372,2978,2606,2978
U+0040=3165,372,2978,2606,2978
U+0041=3165,372,2978,2606,2978
U+0042=3165,372,2978,2606,2978
U+0043=3165,372,2978,2606,2978
U+0044=3165,372,2978,2606,2978
U+0045=3165,372,2978,2606,2978
U+0046=3165,372,2978,2606,2978
U+0047=3165,372,2978,2606,2978
U+0048=3165,372,2978,2606,2978
U+0049=2792,372,2978,2234,2978
U+004A=3165,372,2978,2606,2978
U+004B=3165,372,2978,2606,2978
U+004C=2792,372,2978,2234,2978
U+004D=3165,372,2978,2606,2978
U+004E=3165,372,2978,2606,2978
U+004F=3165,372,2978,2606,2978
U+0050=3165,372,2978,2606,2978
U+0051=3165,372,2978,2606,2978
U+0052=3165,372,2978,2606,2978
U+0053=3165,372,2978,2606,2978
U+0054=3165,372,2978,2606,2978
U+0055=3165,372,2978,2606,2978
U+0056=3165,372,2978,2606,2978
U+0057=3537,372,2978,2979,2978
U+0058=3165,372,2978,2606,2978
U+0059=3165,372,2978,2606,2978
U+005A=3165,372,2978,2606,2978
U+005B=2048,372,2978,1489,2978
U+005C=3165,372,2978,2606,2978
U+005D=2048,372,2978,1489,2978
U+005E=3165,372,2978,2606,1117
U+005F=2420,372,372,1862,372
U+0060=2048,372,2978,1489,1117
U+0061=3165,372,1861,2606,1861
U+0062=3165,372,2978,2606,2978
U+0063=3165,372,1861,2606,1861
U+0064=3165,372,2978,2606,2978
U+0065=3165,372,1861,2606,1861
U+0066=2420,372,2978,1862,2978
U+0067=3165,372,1861,2606,2978
U+0068=3165,372,2978,2606,2978
U+0069=1303,372,2978,745,2978
U+006A=2420,372,2978,1862,3350
U+006B=2792,372,2978,2234,2978
U+006C=1675,372,2978,1117,2978
U+006D=3165,372,1861,2606,1861
U+006E=3165,372,1861,2606,1861
U+006F=3165,372,1861,2606,1861
U+0070=3165,372,1861,2606,2978
U+0071=3165,372,1861,2606,2978
U+0072=2792,372,1861,2234,1861
U+0073=3165,372,1861,2606,1861
U+0074=2420,372,2978,1862,2978
U+0075=3165,372,1861,2606,1861
U+0076=3165,372,1861,2606,1861
U+0077=3165,372,1861,2606,1861
U+0078=3165,372,1861,2606,1861
U+0079=3165,372,1861,2606,2978
U+007A=3165,372,1861,2606,1861
U+007B=2048,372,2978,1489,2978
U+007C=1303,372,2978,745,3722
U+007D=2048,372,2978,1489,2978
U+007E=2792,372,2234,2234,1117
U+00A1=1303,372,2978,745,2978
U+00A2=3165,372,2234,2606,2606
U+00A3=3165,372,2978,2606,2978
U+00A4=2978,372,2420,2420,1862
U+00A5=3165,372,2978,2606,2978
U+00A6=1117,372,3723,558,4840
U+00A7=3165,372,2978,2606,2978
U+00A8=2420,372,2978,1862,744
U+00A9=3909,372,2978,3351,2978
U+00AA=2048,372,2978,1489,2048
U+00AB=3909,372,2606,3351,2606
U+00AE=2792,372,2978,2234,2234
U+00B1=2792,372,2792,2234,2606
U+00B5=3165,186,1861,2792,2978
U+00B6=3165,372,2978,2606,2978
U+00BB=3909,372,2606,3351,2606
U+00BF=3165,372,2978,2606,2978
U+00C0=3165,372,4096,2606,4096
U+00C1=3165,372,4096,2606,4096
U+00C2=3165,372,4096,2606,4096
U+00C3=3165,372,4096,2606,4096
U+00C4=3165,372,4096,2606,4096
U+00C5=3165,372,4096,2606,4096
U+00C6=4282,372,2978,3724,2978
U+00C7=3165,372,2978,2606,3722
U+00C8=3165,372,4096,2606,4096
U+00C9=3165,372,4096,2606,4096
U+00CA=3165,372,4096,2606,4096
U+00CB=3165,372,4096,2606,4096
U+00CC=2792,372,4096,2234,4096
U+00CD=2792,372,4096,2234,4096
U+00CE=2792,372,4096,2234,4096
U+00CF=2792,372,4096,2234,4096
U+00D0=3537,372,2978,2979,2978
U+00D1=3165,372,4096,2606,4096
U+00D2=3165,372,4096,2606,4096
U+00D3=3165,372,4096,2606,4096
U+00D4=3165,372,4096,2606,4096
U+00D5=3165,372,4096,2606,4096
U+00D6=3165,372,4096,2606,4096
U+00D7=2420,372,2606,1862,1862
U+00D8=3165,372,2978,2606,2978
U+00D9=3165,372,4096,2606,4096
U+00DA=3165,372,4096,2606,4096
U+00DB=3165,372,4096,2606,4096
U+00DC=3165,372,4096,2606,4096
U+00DD=3165,372,4096,2606,4096
U+00DE=3165,372,2978,2606,2978
U+00DF=3165,372,2978,2606,2978
U+00E0=3165,372,2978,2606,2978
U+00E1=3165,372,2978,2606,2978
U+00E2=3165,372,2978,2606,2978
U+00E3=3165,372,2978,2606,2978
U+00E4=3165,372,2978,2606,2978
U+00E5=3165,372,2978,2606,2978
U+00E6=5399,372,1861,4841,1861
U+00E7=3165,372,1861,2606,2605
U+00E8=3165,372,2978,2606,2978
U+00E9=3165,372,2978,2606,2978
U+00EA=3165,372,2978,2606,2978
U+00EB=3165,372,2978,2606,2978
U+00EC=1303,0,2978,1117,2978
U+00ED=1675,372,2978,1117,2978
U+00EE=1861,-186,2978,1861,2978
U+00EF=1861,-186,2978,1861,2978
U+00F0=3537,372,2978,2979,2978
U+00F1=3165,372,2978,2606,2978
U+00F2=3165,372,2978,2606,2978
U+00F3=3165,372,2978,2606,2978
U+00F4=3165,372,2978,2606,2978
U+00F5=3165,372,2978,2606,2978
U+00F6=3165,372,2978,2606,2978
U+00F7=2792,372,2234,2234,1862
U+00F8=3165,372,1861,2606,1861
U+00F9=3165,372,2978,2606,2978
U+00FA=3165,372,2978,2606,2978
U+00FB=3165,372,2978,2606,2978
U+00FC=3165,372,2978,2606,2978
U+00FD=3165,372,2978,2606,4095
U+00FE=3165,372,2978,2606,4095
U+00FF=3165,372,2978,2606,4095
U+0178=3165,372,4096,2606,4096
U+0391=3165,372,2978,2606,2978
U+0392=3165,372,2978,2606,2978
U+0393=2792,372,2978,2234,2978
U+0394=4282,372,2978,3724,2978
U+0395=3165,372,2978,2606,2978
U+0396=3165,372,2978,2606,2978
U+0397=3165,372,2978,2606,2978
U+0398=3165,372,2978,2606,2978
U+0399=2792,372,2978,2234,2978
U+039A=3165,372,2978,2606,2978
U+039B=4282,372,2978,3724,2978
U+039C=3165,372,2978,2606,2978
U+039D=3165,372,2978,2606,2978
U+039E=3165,372,2978,2606,2978
U+039F=3165,372,2978,2606,2978
U+03A0=3909,372,2978,3351,2978
U+03A1=3165,372,2978,2606,2978
U+03A3=3165,372,2978,2606,2978
U+03A4=3165,372,2978,2606,2978
U+03A5=3909,372,2978,3351,2978
U+03A6=3909,372,2978,3351,2978
U+03A7=3165,372,2978,2606,2978
U+03A8=4654,372,2978,4096,2978
U+03A9=4654,372,2978,4096,2978
U+03B1=3165,372,1861,2606,1861
U+03B2=3165,372,2978,2606,4095
U+0401=3165,372,4096,2606,4096
U+0404=3165,372,2978,2606,2978
U+0406=2792,372,2978,2234,2978
U+0407=2978,372,4096,2420,4096
U+0409=4840,372,2978,4282,2978
U+040A=4654,372,2978,4096,2978
U+0410=3165,372,2978,2606,2978
U+0411=3165,372,2978,2606,2978
U+0412=3165,372,2978,2606,2978
U+0413=2792,372,2978,2234,2978
U+0414=3537,372,2978,2979,3536
U+0415=3165,372,2978,2606,2978
U+0416=3537,372,2978,2979,2978
U+0417=3165,372,2978,2606,2978
U+0418=3165,372,2978,2606,2978
U+0419=3165,372,4096,2606,4096
U+041A=3165,372,2978,2606,2978
U+041B=3165,372,2978,2606,2978
U+041C=3165,372,2978,2606,2978
U+041D=3165,372,2978,2606,2978
U+041E=3165,372,2978,2606,2978
U+041F=3165,372,2978,2606,2978
U+0420=3165,372,2978,2606,2978
U+0421=3165,372,2978,2606,2978
U+0422=3165,372,2978,2606,2978
U+0423=3165,372,2978,2606,2978
U+0424=4282,372,2978,3724,2978
U+0425=3165,372,2978,2606,2978
U+0426=3537,372,2978,2979,3536
U+0427=3165,372,2978,2606,2978
U+0428=3909,372,2978,3351,2978
U+0429=4282,372,2978,3724,3536
U+042A=3723,372,2978,3165,2978
U+042B=4282,372,2978,3724,2978
U+042C=3165,372,2978,2606,2978
U+042D=3165,372,2978,2606,2978
U+042E=4468,372,2978,3910,2978
U+042F=3165,372,2978,2606,2978
U+0430=3165,372,1861,2606,1861
U+0431=3165,372,2978,2606,2978
U+0432=3165,372,1861,2606,1861
U+0433=2420,372,1861,1862,1861
U+0434=3537,372,1861,2979,2419
U+0435=3165,372,1861,2606,1861
U+0436=3537,372,1861,2979,1861
U+0437=3165,372,1861,2606,1861
U+0438=3165,372,1861,2606,1861
U+0439=3165,372,2978,2606,2978
U+043A=2792,372,1861,2234,1861
U+043B=3165,372,1861,2606,1861
U+043C=3165,372,1861,2606,1861
U+043D=3165,372,1861,2606,1861
U+043E=3165,372,1861,2606,1861
U+043F=3165,372,1861,2606,1861
U+0440=3165,372,1861,2606,2978
U+0441=3165,372,1861,2606,1861
U+0442=2792,372,1861,2234,1861
U+0443=3165,372,1861,2606,2978
U+0444=3909,372,2978,3351,4095
U+0445=3165,372,1861,2606,1861
U+0446=3537,372,1861,2979,2419
U+0447=3165,372,1861,2606,1861
U+0448=3537,372,1861,2979,1861
U+0449=3909,372,1861,3351,2419
U+044A=3723,372,1861,3165,1861
U+044B=3909,372,1861,3351,1861
U+044C=3165,372,1861,2606,1861
U+044D=3165,372,1861,2606,1861
U+044E=4282,372,1861,3724,1861
U+044F=3165,372,1861,2606,1861
U+0450=3165,372,2978,2606,2978
U+0451=3165,372,2978,2606,2978
U+0453=2420,372,2978,1862,2978
U+0454=3165,372,1861,2606,1861
U+0456=1303,372,2978,745,2978
U+0457=1861,-186,2978,1861,2978
U+0459=4654,372,1861,4096,1861
U+045A=4654,372,1861,4096,1861
U+045B=3165,0,2978,2978,2978
U+045C=2792,372,2978,2234,2978
U+045D=3165,372,2978,2606,2978
U+045E=3165,372,2978,2606,4095
U+0490=2792,372,3537,2234,3537
U+0491=2420,372,2420,1862,2420
U+0492=2792,0,2978,2606,2978
U+0493=2420,0,1861,2234,1861
U+0496=3909,372,2978,3351,3536
U+0497=3909,372,1861,3351,2419
U+049A=3537,372,2978,2979,3536
U+049B=3351,372,1861,2793,2419
U+049C=3537,372,2978,2979,2978
U+049D=3165,372,1861,2606,1861
U+049E=3165,0,2978,2978,2978
U+049F=2978,0,2978,2792,2978
U+04A0=3723,372,2978,3165,2978
U+04A1=3537,372,1861,2979,1861
U+04A2=3537,372,2978,2979,3536
U+04A3=3537,372,1861,2979,2419
U+04A4=3723,372,2978,3165,2978
U+04A5=3909,372,1861,3351,1861
U+04AC=3165,372,2978,2606,3536
U+04AD=2792,372,1861,2234,2419
U+2013=3686,372,1675,2680,372
U+2014=5324,372,1675,3871,372
U+2018=1675,372,2978,1117,1117
U+2019=1303,0,2978,1117,1117
U+201C=2792,372,2978,2234,1117
U+201D=2420,0,2978,2234,1117
U+2026=3909,372,744,3351,744
U+20AC=3537,186,2978,3165,2978
U+2116=5323,372,2978,4691,2978
U+2122=3909,372,2978,3351,1489
U+FB00=3909,372,2978,3351,2978
U+FB01=3165,372,2978,2606,2978
U+FB02=3537,372,2978,2979,2978
U+FB03=4654,372,2978,4096,2978
U+FB04=5026,372,2978,4468,2978