upem=2048
U+0020=500,0,0,0,0
U+0021=485,150,1430,185,1430
U+0022=755,100,1430,555,435
U+0023=1893,100,1430,1693,1435
U+0024=1050,100,1430,850,1430
U+0025=1422,100,1440,1222,1450
U+0026=1275,100,1430,1175,1433
U+0027=385,100,1430,185,435
U+0028=585,100,1430,385,1810
U+0029=585,100,1430,385,1810
U+002A=810,100,1430,611,583
U+002B=950,100,900,750,750
U+002C=385,25,185,335,435
U+002D=700,100,600,500,150
U+002E=385,100,185,185,185
U+002F=980,25,1430,930,1430
U+0030=1445,110,1440,1225,1450
U+0031=645,100,1440,335,1440
U+0032=1145,60,1440,980,1440
U+0033=1150,100,1440,915,1450
U+0034=1220,60,1430,1085,1430
U+0035=1175,125,1430,950,1440
U+0036=1260,100,1473,1070,1483
U+0037=1090,65,1430,950,1430
U+0038=1240,100,1444,1040,1454
U+0039=1260,100,1433,1070,1483
U+003A=435,150,1050,185,1050
U+003B=535,100,1050,335,1300
U+003C=1100,100,1000,900,950
U+003D=950,100,750,750,450
U+003E=1100,100,1000,900,950
U+003F=1115,100,1430,915,1430
U+0040=2150,150,1440,1850,1820
U+0041=1472,25,1430,1422,1430
U+0042=1330,170,1430,1036,1430
U+0043=1385,100,1440,1150,1450
U+0044=1500,170,1430,1230,1430
U+0045=1230,170,1430,950,1430
U+0046=1155,170,1430,935,1430
U+0047=1385,100,1440,1150,1450
U+0048=1555,170,1430,1215,1430
U+0049=585,200,1430,185,1430
U+004A=690,25,1430,485,1430
U+004B=1400,170,1430,1205,1430
U+004C=1153,170,1430,933,1430
U+004D=1840,170,1430,1500,1430
U+004E=1575,170,1430,1235,1430
U+004F=1665,120,1440,1425,1450
U+0050=1263,170,1430,1018,1430
U+0051=1665,120,1440,1425,1811
U+0052=1305,170,1430,1110,1430
U+0053=1290,100,1440,1090,1450
U+0054=1185,50,1430,1085,1430
U+0055=1510,160,1430,1190,1440
U+0056=1472,25,1430,1422,1430
U+0057=1900,50,1430,1800,1430
U+0058=1410,25,1430,1350,1430
U+0059=1300,25,1430,1250,1430
U+005A=1330,125,1430,1080,1430
U+005B=650,150,1430,450,1810
U+005C=980,25,1430,930,1430
U+005D=650,50,1430,450,1810
U+005E=1050,50,1430,950,730
U+005F=1050,25,0,1000,150
U+0060=603,100,1430,403,239
U+0061=1135,100,1050,885,1050
U+0062=1188,150,1430,938,1430
U+0063=1025,100,1050,840,1050
U+0064=1190,100,1430,940,1430
U+0065=1130,100,1050,931,1050
U+0066=711,150,1482,656,1482
U+0067=1187,100,1050,937,1430
U+0068=1205,150,1430,905,1430
U+0069=525,170,1430,185,1430
U+006A=525,45,1430,310,1828
U+006B=1181,150,1430,966,1430
U+006C=505,160,1430,185,1430
U+006D=1805,150,1050,1505,1050
U+006E=1205,150,1050,905,1050
U+006F=1200,100,1050,1000,1049
U+0070=1187,150,1050,937,1430
U+0071=1187,100,1050,937,1430
U+0072=675,150,1050,490,1050
U+0073=1050,100,1050,850,1050
U+0074=675,150,1220,440,1220
U+0075=1205,150,1050,905,1050
U+0076=1000,0,1050,1000,1050
U+0077=1539,35,1050,1469,1050
U+0078=1050,25,1050,1000,1050
U+0079=1050,25,1050,1001,1438
U+007A=1040,100,1050,840,1050
U+007B=675,100,1430,525,1810
U+007C=485,150,1430,185,1810
U+007D=675,50,1430,525,1810
U+007E=950,100,641,750,231
U+00A0=498,0,0,0,0
U+00A1=485,150,1050,185,1430
U+00A2=1050,100,1430,850,1430
U+00A3=1217,100,1440,1017,1474
U+00A4=1139,100,988,939,927
U+00A5=1250,50,1430,1150,1430
U+00A6=485,150,1430,185,1810
U+00A7=1050,100,1440,850,1450
U+00A8=755,100,1430,555,170
U+00A9=1785,150,1440,1485,1450
U+00AA=642,100,1430,442,524
U+00AB=1009,100,900,859,750
U+00AC=1085,100,1050,885,400
U+00AD=950,100,600,750,150
U+00AE=1163,150,1450,863,842
U+00AF=700,100,1430,500,150
U+00B0=752,100,1430,552,519
U+00B1=950,100,1050,750,1050
U+00B2=590,50,1430,490,720
U+00B3=578,50,1430,478,724
U+00B4=603,100,1430,403,239
U+00B5=1205,150,1050,905,1430
U+00B6=953,0,1430,953,1864
U+00B7=450,100,650,250,250
U+00B8=457,0,75,457,497
U+00B9=328,50,1426,228,716
U+00BA=700,100,1430,500,524
U+00BB=1009,50,900,859,750
U+00BC=1449,100,1430,1249,1434
U+00BD=1442,100,1430,1242,1430
U+00BE=1490,100,1430,1290,1430
U+00BF=1115,100,1050,915,1430
U+00C0=1472,25,1810,1422,1810
U+00C1=1472,25,1810,1422,1810
U+00C2=1472,25,1810,1422,1810
U+00C3=1472,25,1810,1422,1810
U+00C4=1472,25,1810,1422,1810
U+00C5=1472,25,1835,1422,1835
U+00C6=1925,25,1430,1775,1430
U+00C7=1385,100,1440,1150,1862
U+00C8=1230,170,1810,950,1810
U+00C9=1230,170,1810,950,1810
U+00CA=1230,170,1810,950,1810
U+00CB=1230,170,1810,950,1810
U+00CC=585,24,1810,403,1810
U+00CD=585,158,1810,403,1810
U+00CE=585,43,1810,500,1810
U+00CF=585,15,1810,555,1810
U+00D0=1500,-30,1430,1430,1430
U+00D1=1575,170,1810,1235,1810
U+00D2=1665,120,1810,1425,1820
U+00D3=1665,120,1810,1425,1820
U+00D4=1665,120,1810,1425,1820
U+00D5=1665,120,1810,1425,1820
U+00D6=1665,120,1810,1425,1820
U+00D7=950,100,843,636,636
U+00D8=1625,100,1440,1425,1450
U+00D9=1510,160,1810,1190,1820
U+00DA=1510,160,1810,1190,1820
U+00DB=1510,160,1810,1190,1820
U+00DC=1510,160,1810,1190,1820
U+00DD=1300,25,1810,1250,1810
U+00DE=1243,150,1430,1018,1430
U+00DF=1191,150,1427,961,1427
U+00E0=1135,100,1430,885,1430
U+00E1=1135,100,1430,885,1430
U+00E2=1135,100,1430,885,1430
U+00E3=1135,100,1430,885,1430
U+00E4=1135,100,1430,885,1430
U+00E5=1135,100,1571,885,1571
U+00E6=1833,100,1050,1634,1050
U+00E7=1025,100,1050,850,1472
U+00E8=1130,100,1430,931,1430
U+00E9=1130,100,1430,931,1430
U+00EA=1130,100,1430,931,1430
U+00EB=1130,100,1430,931,1430
U+00EC=525,-6,1430,403,1430
U+00ED=525,128,1430,403,1430
U+00EE=525,13,1430,500,1430
U+00EF=525,-15,1430,555,1430
U+00F0=1190,100,1430,990,1440
U+00F1=1205,150,1430,905,1430
U+00F2=1200,100,1430,1000,1429
U+00F3=1200,100,1430,1000,1429
U+00F4=1200,100,1430,1000,1429
U+00F5=1200,100,1430,1000,1429
U+00F6=1200,100,1430,1000,1429
U+00F7=985,100,900,785,750
U+00F8=1200,100,1050,1013,1050
U+00F9=1205,150,1430,905,1430
U+00FA=1205,150,1430,905,1430
U+00FB=1205,150,1430,905,1430
U+00FC=1205,150,1430,905,1430
U+00FD=1050,25,1430,1001,1818
U+00FE=1187,150,1430,937,1810
U+00FF=1050,25,1430,1001,1818
U+0100=1472,25,1810,1422,1810
U+0101=1135,100,1430,885,1430
U+0102=1472,25,1810,1422,1810
U+0103=1135,100,1430,885,1430
U+0104=1472,25,1430,1442,1856
U+0105=1135,100,1050,905,1476
U+0106=1385,100,1810,1150,1820
U+0107=1025,100,1430,840,1430
U+0108=1385,100,1810,1150,1820
U+0109=1025,100,1430,840,1430
U+010A=1385,100,1810,1150,1820
U+010B=1025,100,1430,840,1430
U+010C=1385,100,1810,1150,1820
U+010D=1025,100,1430,840,1430
U+010E=1500,170,1810,1230,1810
U+010F=1190,100,1430,1375,1430
U+0110=1500,-50,1430,1430,1430
U+0111=1190,100,1430,940,1430
U+0112=1230,170,1810,950,1810
U+0113=1130,100,1430,931,1430
U+0114=1230,170,1810,950,1810
U+0115=1130,100,1430,931,1430
U+0116=1230,170,1810,950,1810
U+0117=1130,100,1430,931,1430
U+0118=1230,170,1430,970,1856
U+0119=1130,100,1050,931,1476
U+011A=1230,170,1810,950,1810
U+011B=1130,100,1430,931,1430
U+011C=1385,100,1810,1150,1820
U+011D=1187,100,1430,937,1810
U+011E=1385,100,1810,1150,1820
U+011F=1187,100,1430,937,1810
U+0120=1385,100,1810,1150,1820
U+0121=1187,100,1430,937,1810
U+0122=1385,100,1440,1150,1820
U+0123=1187,100,1430,937,1810
U+0124=1555,170,1810,1215,1810
U+0125=1205,3,1835,1052,1835
U+0126=1555,170,1430,1215,1430
U+0127=1205,150,1430,905,1430
U+0128=585,43,1810,500,1810
U+0129=525,13,1430,500,1430
U+012A=585,43,1810,500,1810
U+012B=525,13,1430,500,1430
U+012C=585,28,1810,530,1810
U+012D=525,-2,1430,530,1430
U+012E=585,35,1430,380,1856
U+012F=525,5,1430,380,1856
U+0130=585,190,1810,205,1810
U+0131=525,170,1050,185,1050
U+0132=1245,200,1430,895,1430
U+0133=1050,170,1430,710,1828
U+0134=690,25,1810,643,1810
U+0135=525,10,1430,500,1828
U+0136=1400,170,1430,1205,1810
U+0137=1181,150,1430,966,1810
U+0138=1092,150,1050,952,1050
U+0139=1153,170,1810,933,1810
U+013A=505,51,1835,403,1835
U+013B=1153,170,1430,933,1810
U+013C=505,5,1430,340,1810
U+013D=1153,170,1430,933,1430
U+013E=505,160,1430,620,1430
U+013F=1153,170,1430,933,1430
U+0140=505,160,1430,575,1430
U+0141=1133,0,1430,1083,1430
U+0142=505,10,1430,485,1430
U+0143=1575,170,1810,1235,1810
U+0144=1205,150,1430,905,1430
U+0145=1575,170,1430,1235,1810
U+0146=1205,150,1050,905,1430
U+0147=1575,170,1810,1235,1810
U+0148=1205,150,1430,905,1430
U+0149=1305,-150,1430,1305,1430
U+014A=1575,170,1430,1235,1828
U+014B=1205,150,1050,905,1448
U+014C=1665,120,1810,1425,1820
U+014D=1200,100,1430,1000,1429
U+014E=1665,120,1810,1425,1820
U+014F=1200,100,1430,1000,1429
U+0150=1665,120,1810,1425,1820
U+0151=1200,100,1430,1000,1429
U+0152=2215,100,1430,1990,1430
U+0153=1949,100,1050,1750,1050
U+0154=1305,170,1810,1110,1810
U+0155=675,150,1430,514,1430
U+0156=1305,170,1430,1110,1810
U+0157=675,-2,1050,642,1430
U+0158=1305,170,1810,1110,1810
U+0159=675,145,1430,500,1430
U+015A=1290,100,1810,1090,1820
U+015B=1050,100,1430,850,1430
U+015C=1290,100,1810,1090,1820
U+015D=1050,100,1430,850,1430
U+015E=1290,100,1440,1090,1862
U+015F=1050,100,1050,850,1472
U+0160=1290,100,1810,1090,1820
U+0161=1050,100,1430,850,1430
U+0162=1185,50,1430,1085,1810
U+0163=675,125,1220,465,1600
U+0164=1185,50,1810,1085,1810
U+0165=675,150,1430,825,1430
U+0166=1185,50,1430,1085,1430
U+0167=675,0,1220,590,1220
U+0168=1510,160,1810,1190,1820
U+0169=1205,150,1430,905,1430
U+016A=1510,160,1810,1190,1820
U+016B=1205,150,1430,905,1430
U+016C=1510,160,1810,1190,1820
U+016D=1205,150,1430,905,1430
U+016E=1510,160,1849,1190,1859
U+016F=1205,150,1571,905,1571
U+0170=1510,160,1810,1190,1820
U+0171=1205,150,1430,905,1430
U+0172=1510,160,1430,1190,1856
U+0173=1205,150,1050,925,1476
U+0174=1900,50,1810,1800,1810
U+0175=1539,35,1430,1469,1430
U+0176=1300,25,1810,1250,1810
U+0177=1050,25,1430,1001,1818
U+0178=1300,25,1810,1250,1810
U+0179=1330,125,1810,1080,1810
U+017A=1040,100,1430,840,1430
U+017B=1330,125,1810,1080,1810
U+017C=1040,100,1430,840,1430
U+017D=1330,125,1810,1080,1810
U+017E=1040,100,1430,840,1430
U+017F=506,150,1482,656,1482
U+0192=1047,50,1434,947,1818
U+0218=1290,100,1440,1090,1820
U+0219=1050,100,1050,850,1430
U+021A=1185,50,1430,1085,1810
U+021B=675,125,1220,465,1600
U+02C6=700,100,1430,500,260
U+02C7=700,100,1430,500,260
U+02C9=700,100,1430,500,150
U+02D8=730,100,1430,530,260
U+02D9=405,100,1430,205,190
U+02DA=652,100,1571,452,419
U+02DB=580,100,0,380,426
U+02DC=700,100,1430,500,202
U+02DD=979,100,1430,779,239
U+0326=385,25,-100,335,280
U+037E=535,100,1050,335,1300
U+0384=603,100,1430,403,239
U+0385=1045,100,1430,845,239
U+0386=1472,25,1430,1422,1430
U+0387=385,100,1050,185,185
U+0388=1483,-50,1430,1423,1430
U+0389=1808,-50,1430,1688,1430
U+038A=838,-50,1430,688,1430
U+038C=1768,-50,1440,1698,1450
U+038E=1653,-50,1430,1678,1430
U+038F=1713,-50,1450,1643,1450
U+0390=525,-160,1430,845,1430
U+0391=1472,25,1430,1422,1430
U+0392=1330,170,1430,1036,1430
U+0393=1103,170,1430,933,1430
U+0394=1472,25,1430,1422,1430
U+0395=1230,170,1430,950,1430
U+0396=1330,125,1430,1080,1430
U+0397=1555,170,1430,1215,1430
U+0398=1665,120,1440,1425,1450
U+0399=585,200,1430,185,1430
U+039A=1400,170,1430,1205,1430
U+039B=1472,25,1430,1422,1430
U+039C=1840,170,1430,1500,1430
U+039D=1575,170,1430,1235,1430
U+039E=1196,100,1430,996,1430
U+039F=1665,120,1440,1425,1450
U+03A0=1525,170,1430,1185,1430
U+03A1=1263,170,1430,1018,1430
U+03A3=1180,100,1430,980,1430
U+03A4=1185,50,1430,1085,1430
U+03A5=1300,25,1430,1250,1430
U+03A6=1724,100,1430,1524,1430
U+03A7=1410,25,1430,1350,1430
U+03A8=1690,120,1430,1450,1430
U+03A9=1610,120,1450,1370,1450
U+03AA=585,15,1810,555,1810
U+03AB=1300,25,1810,1250,1810
U+03AC=1369,100,1430,1189,1430
U+03AD=925,100,1430,725,1440
U+03AE=1205,150,1430,905,1810
U+03AF=525,128,1430,403,1430
U+03B0=1210,150,1430,910,1450
U+03B1=1369,100,1050,1189,1050
U+03B2=1196,150,1430,971,1792
U+03B3=1080,35,1050,1000,1430
U+03B4=1200,100,1430,1000,1440
U+03B5=925,100,1060,725,1070
U+03B6=1003,100,1430,853,1830
U+03B7=1205,150,1050,905,1430
U+03B8=1245,120,1440,1005,1450
U+03B9=525,170,1050,185,1050
U+03BA=1185,150,1050,985,1050
U+03BB=1121,40,1438,1031,1438
U+03BC=1205,150,1050,905,1430
U+03BD=1080,40,1050,1000,1050
U+03BE=1018,125,1430,843,1830
U+03BF=1200,100,1050,1000,1049
U+03C0=1465,25,1050,1340,1055
U+03C1=1212,135,1050,977,1430
U+03C2=993,100,1050,843,1430
U+03C3=1277,100,1050,1127,1049
U+03C4=849,0,1050,774,1054
U+03C5=1210,150,1050,910,1070
U+03C6=1505,100,1050,1305,1430
U+03C7=1130,40,1050,1050,1430
U+03C8=1610,150,1050,1310,1430
U+03C9=1675,120,1050,1435,1050
U+03CA=525,-15,1430,555,1430
U+03CB=1210,150,1430,910,1450
U+03CC=1200,100,1430,1000,1429
U+03CD=1210,150,1430,910,1450
U+03CE=1675,120,1430,1435,1430
U+0401=1230,170,1810,950,1810
U+0410=1472,25,1430,1422,1430
U+0411=1311,170,1430,1016,1430
U+0412=1330,170,1430,1036,1430
U+0413=1103,170,1430,933,1430
U+0414=1699,0,1430,1624,1810
U+0415=1230,170,1430,950,1430
U+0416=2109,25,1430,2059,1430
U+0417=1115,100,1440,915,1450
U+0418=1525,170,1430,1185,1430
U+0419=1525,170,1784,1185,1784
U+041A=1317,170,1430,1122,1430
U+041B=1524,0,1430,1354,1430
U+041C=1840,170,1430,1500,1430
U+041D=1525,170,1430,1185,1430
U+041E=1665,120,1440,1425,1450
U+041F=1525,170,1430,1185,1430
U+0420=1263,170,1430,1018,1430
U+0421=1385,100,1440,1150,1450
U+0422=1185,50,1430,1085,1430
U+0423=1307,50,1430,1232,1430
U+0424=1724,100,1430,1524,1430
U+0425=1400,25,1430,1350,1430
U+0426=1567,170,1430,1297,1810
U+0427=1408,125,1430,1113,1430
U+0428=1875,170,1430,1535,1430
U+0429=1990,170,1430,1720,1810
U+042A=1710,0,1430,1610,1430
U+042B=1755,170,1430,1415,1430
U+042C=1298,170,1430,1028,1430
U+042D=1375,125,1440,1150,1450
U+042E=2022,170,1440,1752,1450
U+042F=1305,25,1430,1110,1430
U+0430=1135,100,1050,885,1050
U+0431=1277,125,1539,1041,1549
U+0432=1166,150,1050,916,1050
U+0433=848,150,1050,698,1050
U+0434=1428,0,1050,1353,1430
U+0435=1130,100,1050,931,1050
U+0436=1720,25,1057,1670,1057
U+0437=965,100,1060,765,1070
U+0438=1225,150,1050,925,1050
U+0439=1225,150,1430,925,1430
U+043A=1104,150,1050,929,1050
U+043B=1187,0,1050,1037,1050
U+043C=1460,150,1050,1160,1050
U+043D=1225,150,1050,925,1050
U+043E=1240,100,1060,1040,1070
U+043F=1225,150,1050,925,1050
U+0440=1217,150,1050,967,1430
U+0441=1025,100,1050,840,1050
U+0442=925,0,1050,925,1050
U+0443=1050,25,1050,1001,1438
U+0444=1644,100,1430,1444,1810
U+0445=1100,25,1050,1050,1050
U+0446=1386,150,1050,1136,1430
U+0447=1218,125,1050,943,1050
U+0448=1635,150,1050,1335,1050
U+0449=1770,150,1050,1520,1430
U+044A=1352,0,1050,1252,1050
U+044B=1510,150,1050,1210,1050
U+044C=1168,150,1050,868,1050
U+044D=1050,100,1050,850,1050
U+044E=1702,150,1060,1452,1070
U+044F=1145,25,1050,970,1050
U+0451=1130,100,1430,931,1430
U+2010=700,100,600,500,150
U+2013=1200,100,600,1000,150
U+2014=1700,100,600,1500,150
U+2018=410,50,1430,335,435
U+2019=435,50,1430,335,435
U+201A=410,25,185,335,435
U+201C=780,50,1430,705,435
U+201D=780,50,1430,705,435
U+201E=780,25,185,705,435
U+2020=1045,50,1430,945,1810
U+2021=1045,50,1430,945,1810
U+2022=630,100,940,430,430
U+2026=1185,100,185,985,185
U+2030=2107,100,1440,1907,1450
U+2039=610,100,900,460,750
U+203A=610,50,900,460,750
U+2044=1270,100,1430,1070,1430
U+20AC=1385,100,1440,1150,1450
U+2116=2370,170,1430,2077,1430
U+2122=1606,150,1430,1306,673
U+2126=1610,120,1450,1370,1450
U+2202=1217,149,1440,1066,1450
U+2206=1472,25,1430,1422,1430
U+220F=1650,150,1430,1350,1810
U+2211=1350,100,1430,1150,1810
U+2212=950,100,600,750,150
U+2219=450,100,650,250,250
U+221A=1350,75,1854,1275,1861
U+221E=1520,100,820,1320,590
U+222B=589,0,1660,589,1810
U+2248=1050,100,800,850,550
U+2260=950,100,1050,750,1050
U+2264=950,100,1070,750,1070
U+2265=950,100,1070,750,1070
U+22F2=1050,100,800,850,550
U+25CA=1085,50,1430,985,1430
U+E000=1778,150,1502,1458,1502
U+E001=1821,150,1502,1511,1502
U+E002=1358,150,1492,1263,1492
U+E003=1131,150,1502,811,1900
U+E005=1778,150,1502,1458,1900
U+E006=1877,150,1502,1627,1502
U+E007=2514,150,1502,2264,1502
U+E008=1894,150,1502,1594,1502
U+E009=2531,150,1502,2231,1502
U+E010=1870,150,1502,1655,1502
U+E011=2507,150,1502,2292,1502
U+E012=1275,115,1060,1045,1070
U+E013=854,115,1050,674,1050
U+E014=1100,115,1060,900,1060
U+E015=1110,100,1050,865,1330
U+E016=1165,60,1049,1045,1329
U+E017=1145,155,1050,890,1340
U+E018=1265,120,1373,1030,1383
U+E019=1060,40,1050,930,1330
U+E020=1250,115,1344,1020,1354
U+E021=1265,115,1058,1030,1383
U+E022=1130,90,1050,1000,1450
U+E023=1130,90,1430,1000,1830
U+E024=1130,90,1430,1000,1830
U+E025=1130,90,1430,1000,1830
U+E026=1130,90,1430,1000,1830
U+E027=1092,150,1430,952,1430
U+E028=1092,150,1430,952,1810
U+E029=1541,170,1450,1271,1452
U+F000=1724,100,1476,1524,1522
U+FB01=1131,150,1502,811,1502
U+FB02=1184,150,1502,874,1502