upem=1000
U+0020=220,0,0,0,0
U+0021=228,36,671,155,670
U+0022=342,39,698,255,268
U+0023=771,36,709,714,708
U+0024=425,31,727,354,790
U+0026=502,37,682,420,683
U+0027=189,41,704,93,267
U+0028=263,33,680,209,733
U+0029=261,26,680,212,733
U+002A=338,27,670,286,264
U+002B=630,25,588,581,580
U+002C=199,31,160,142,215
U+002D=408,31,377,339,127
U+002E=200,25,163,146,152
U+002F=269,-46,693,358,770
U+0030=419,30,681,362,689
U+0031=266,-1,653,228,652
U+0032=420,28,652,364,665
U+0033=408,28,669,356,672
U+0034=427,20,661,385,657
U+0035=410,28,673,356,658
U+0036=414,30,667,354,674
U+0037=384,23,666,344,661
U+0038=425,32,667,362,674
U+0039=413,27,667,355,674
U+003A=201,30,582,146,587
U+003B=201,30,582,150,651
U+003C=685,60,564,567,559
U+003D=668,39,434,581,291
U+003E=673,55,564,567,559
U+003F=376,11,697,344,680
U+0040=962,32,711,898,862
U+0041=417,19,662,366,671
U+0042=445,25,683,387,677
U+0043=429,28,686,371,684
U+0044=435,29,666,373,675
U+0045=373,25,667,312,667
U+0046=349,26,657,306,666
U+0047=433,23,667,372,688
U+0048=433,26,654,373,677
U+0049=203,27,661,145,666
U+004A=415,16,682,373,675
U+004B=436,28,686,373,673
U+004C=353,28,658,311,667
U+004D=660,24,677,589,681
U+004E=440,28,676,373,671
U+004F=435,24,680,375,689
U+0050=416,28,683,372,678
U+0051=443,31,690,391,731
U+0052=436,26,678,376,675
U+0053=426,26,693,374,683
U+0054=359,21,691,324,672
U+0055=434,24,670,373,681
U+0056=421,25,665,370,674
U+0057=665,31,676,597,679
U+0058=432,27,682,365,676
U+0059=406,19,680,367,675
U+005A=417,21,678,359,674
U+005B=301,25,669,254,731
U+005C=263,-36,683,356,770
U+005D=299,22,667,252,731
U+005E=713,80,693,569,267
U+005F=481,-3,-128,486,97
U+0060=159,-8,706,130,105
U+0061=398,21,590,342,589
U+0062=404,27,665,348,680
U+0063=417,23,593,362,593
U+0064=406,18,687,350,680
U+0065=421,24,620,360,585
U+0066=236,12,667,202,680
U+0067=381,21,601,324,662
U+0068=402,28,663,344,672
U+0069=197,22,689,148,680
U+006A=222,12,668,180,729
U+006B=396,28,663,340,671
U+006C=204,27,672,146,677
U+006D=611,28,592,539,593
U+006E=410,27,602,344,596
U+006F=419,24,575,360,585
U+0070=408,26,612,351,663
U+0071=409,21,590,350,663
U+0072=386,28,594,344,591
U+0073=398,21,588,346,595
U+0074=248,10,672,210,687
U+0075=409,25,582,346,595
U+0076=405,21,580,351,583
U+0077=604,24,586,539,589
U+0078=401,27,588,336,585
U+0079=399,26,587,344,658
U+007A=382,24,591,321,587
U+007B=483,62,715,357,912
U+007C=380,153,780,101,993
U+007D=551,101,708,356,913
U+007E=775,50,407,656,175
U+00A8=500,133,697,237,102
U+00AB=384,23,533,330,461
U+00B0=329,16,715,307,295
U+00B4=161,39,717,132,105
U+00BB=371,26,536,317,461
U+00C0=417,19,801,366,810
U+00C1=417,19,804,366,813
U+00C2=417,19,810,366,819
U+00C3=417,19,785,366,794
U+00C4=417,19,797,366,806
U+00C5=417,19,838,366,847
U+00C6=599,37,667,526,667
U+00C7=429,28,686,370,794
U+00C8=373,25,804,312,804
U+00C9=373,25,810,312,810
U+00CA=373,25,812,312,812
U+00CB=373,25,797,312,797
U+00CC=203,16,806,157,811
U+00CD=203,27,807,150,812
U+00CE=203,-12,812,236,817
U+00CF=203,-17,800,237,805
U+00D0=467,17,667,413,675
U+00D1=440,28,808,373,803
U+00D2=435,24,811,375,820
U+00D3=435,24,817,375,826
U+00D4=435,24,812,375,821
U+00D5=435,24,804,375,813
U+00D6=435,24,815,375,824
U+00D7=728,136,536,470,466
U+00D8=435,24,728,375,770
U+00D9=434,24,806,373,817
U+00DA=434,24,817,373,828
U+00DB=434,24,812,373,823
U+00DC=434,24,804,373,815
U+00DD=406,19,817,367,812
U+00E0=398,21,737,342,736
U+00E1=398,21,734,342,733
U+00E2=398,21,742,342,741
U+00E3=398,21,723,342,722
U+00E4=398,21,733,342,732
U+00E5=398,21,769,342,768
U+00E6=611,21,597,568,596
U+00E7=417,23,593,362,695
U+00E8=421,24,758,360,723
U+00E9=421,24,762,360,727
U+00EA=421,24,763,360,728
U+00EB=421,24,758,360,723
U+00EC=197,18,731,152,722
U+00ED=197,24,721,159,712
U+00EE=197,-22,727,236,718
U+00EF=197,-20,730,237,721
U+00F0=422,20,673,368,680
U+00F1=410,27,738,344,732
U+00F2=419,24,714,360,724
U+00F3=419,24,719,360,729
U+00F4=419,24,712,360,722
U+00F5=419,24,701,360,711
U+00F6=419,24,711,360,721
U+00F7=833,151,559,536,527
U+00F8=419,24,638,360,702
U+00F9=409,25,710,346,723
U+00FA=409,25,717,346,730
U+00FB=409,25,727,346,740
U+00FC=409,25,715,346,728
U+00FD=399,26,725,344,796
U+00FF=399,26,731,344,802
U+0106=429,28,817,371,815
U+0107=417,23,717,362,717
U+010C=429,28,823,371,821
U+010D=417,23,723,362,723
U+0110=467,17,658,413,675
U+0111=422,20,673,368,680
U+0160=426,26,823,374,813
U+0161=398,21,723,346,730
U+017D=417,21,823,359,819
U+017E=382,24,723,321,719
U+02C6=500,127,712,236,110
U+02C7=272,18,723,236,103
U+02DA=419,116,738,161,155
U+02DC=500,84,771,253,96
U+0401=373,25,863,356,863
U+0410=417,19,662,366,671
U+0411=445,25,681,398,688
U+0412=445,25,683,387,677
U+0413=353,28,669,311,667
U+0414=434,-15,660,453,770
U+0415=373,25,667,312,667
U+0416=836,-1,683,652,688
U+0417=408,28,669,356,672
U+0418=440,27,676,373,671
U+0419=440,27,903,373,898
U+041A=436,28,686,373,673
U+041B=421,25,665,370,674
U+041C=660,24,677,589,681
U+041D=433,26,654,373,677
U+041E=435,24,680,375,689
U+041F=434,24,671,373,681
U+0420=416,28,683,372,678
U+0421=429,28,686,371,684
U+0422=359,21,691,324,672
U+0423=418,27,579,362,579
U+0424=595,20,694,573,699
U+0425=432,27,682,365,676
U+0426=494,24,670,439,780
U+0427=433,26,654,373,675
U+0428=684,24,670,623,681
U+0429=744,24,670,689,780
U+042A=565,21,691,522,698
U+042B=645,25,681,478,688
U+042C=445,25,681,398,688
U+042D=429,27,686,371,684
U+042E=615,27,680,551,689
U+042F=436,26,678,376,675
U+0430=398,21,590,342,589
U+0431=427,16,881,379,890
U+0432=431,24,608,376,603
U+0433=342,27,595,302,593
U+0434=420,-15,588,440,686
U+0435=421,24,620,360,585
U+0436=810,-1,608,632,612
U+0437=395,27,595,345,598
U+0438=426,26,602,362,598
U+0439=426,26,804,362,800
U+043A=422,27,611,362,599
U+043B=408,24,592,359,600
U+043C=640,23,603,572,607
U+043D=420,25,582,362,602
U+043E=419,24,575,360,585
U+043F=420,23,597,362,606
U+0440=409,23,590,350,663
U+0441=417,23,593,362,593
U+0442=348,20,615,315,598
U+0443=399,26,587,344,658
U+0444=577,19,618,556,623
U+0445=401,27,588,336,585
U+0446=479,23,596,426,694
U+0447=420,25,582,362,601
U+0448=663,23,596,605,606
U+0449=721,23,596,669,694
U+044A=548,20,615,506,621
U+044B=625,24,606,464,612
U+044C=431,24,606,386,612
U+044D=416,26,611,360,609
U+044E=596,26,605,535,613
U+044F=422,25,603,365,600
U+0451=421,24,803,360,768
U+2013=500,4,362,489,115
U+2014=1000,4,348,989,105
U+2018=199,45,684,116,217
U+2019=199,36,675,116,216
U+201A=199,36,157,116,216
U+201C=348,42,688,276,223
U+201D=361,45,672,276,222
U+201E=361,45,156,276,222
U+2022=590,153,514,285,283
U+2026=803,95,161,616,157
U+2039=246,44,534,166,461
U+203A=249,44,529,166,461
U+2116=760,28,676,737,671